24.671  2670
19.924  2586
22.117  2622
24.515  2670
19.486  2586
21.996  2622
24.354  2670
19.635  2586
22.02   2622
24.484  2670
19.316  2586
22.192  2622
24.368  2670
19.234  2586
22.073  2622
24.386  2670
19.684  2586
22.082  2622
24.427  2670
19.631  2586
22.169  2622
24.39   2670
19.525  2586
22.162  2622
28.796  2670
22.562  2586
24.523  2622
24.422  2670
19.589  2586
22.11   2622
24.488  2670
19.561  2586
22.196  2622
24.652  2670
19.567  2586
22.034  2622
24.619  2670
19.648  2586
21.927  2622
24.288  2670
19.32   2586
21.931  2622
24.272  2670
19.455  2586
21.921  2622
24.31   2670
19.372  2586
21.889  2622
24.46   2670
19.829  2586
22.245  2622
24.475  2670
19.388  2586
21.961  2622
24.169  2670
19.465  2586
22.005  2622
24.146  2670
19.549  2586
21.927  2622
24.207  2670
19.375  2586
22.119  2622
24.472  2670
19.212  2586
21.984  2622
24.674  2670
19.765  2586
22.022  2622
24.318  2670
19.474  2586
22.181  2622
24.625  2670
19.722  2586
22.209  2622
24.648  2670
19.75   2586
22.133  2622
24.532  2670
19.523  2586
21.963  2622
24.466  2670
19.838  2586
22.11   2622
24.862  2670
19.928  2586
22.234  2622
24.488  2670
19.87   2586
22.285  2622
24.381  2670
19.676  2586
22.155  2622
25.112  2670
19.641  2586
24.062  2622
24.46   2670
19.439  2586
21.888  2622
24.105  2670
19.52   2586
21.958  2622
24.65   2670
20.28   2586
22.595  2622
27.413  2670
20.185  2586
22.458  2622
26.875  2670
21.783  2586
25.267  2622
25.54   2670
20.905  2586
22.187  2622
24.937  2670
20.889  2586
25.038  2622
27.489  2670
20.761  2586
23.293  2622
24.936  2670
19.532  2586
22.127  2622
24.893  2670
19.763  2586
22.546  2622
24.583  2670
19.727  2586
22.082  2622
24.187  2670
19.271  2586
21.93   2622
24.488  2670
19.441  2586
22.381  2622
24.728  2670
19.774  2586
22.287  2622
24.153  2670
19.555  2586
21.825  2622
24.476  2670
19.558  2586
22.128  2622
25.44   2670
19.666  2586
22.294  2622
24.498  2670
19.789  2586
22.095  2622
24.601  2670
19.809  2586
24.828  2622
27.923  2670
22.313  2586
25.166  2622
33.317  2670
26.517  2586
28.63   2622
28.358  2670
22.588  2586
25.651  2622
24.678  2670
20.328  2586
22.233  2622
24.325  2670
19.707  2586
22.049  2622
28.288  2670
22.465  2586
25.314  2622
26.762  2670
21.661  2586
25.453  2622
40.199  2670
33.357  2586
38.444  2622
30.268  2670
22.761  2586
25.609  2622
31.869  2670
26.736  2586
30.198  2622
28.494  2670
22.897  2586
25.964  2622
24.518  2670
19.889  2586
22.369  2622
28.633  2670
23.251  2586
25.672  2622
28.75   2670
22.994  2586
25.805  2622
28.711  2670
23.065  2586
25.772  2622
28.508  2670
22.374  2586
25.266  2622
28.441  2670
23.449  2586
25.612  2622
24.514  2670
19.606  2586
22.356  2622
28.284  2670
22.558  2586
25.604  2622
32.558  2670
26.408  2586
35.269  2622
33.542  2670
26.923  2586
30.143  2622
28.211  2670
22.688  2586
25.562  2622
28.103  2670
22.373  2586
25.566  2622
24.916  2670
19.722  2586
22.339  2622
24.716  2670
19.549  2586
22.114  2622
24.458  2670
19.638  2586
22.044  2622
24.486  2670
19.347  2586
22.088  2622
27.051  2670
22.679  2586
25.974  2622
28.209  2670
22.356  2586
21.755  2622
24.507  2670
19.648  2586
21.999  2622
28.073  2670
22.152  2586
25.284  2622
28.025  2670
22.686  2586
25.783  2622
28.591  2670
22.622  2586
26.158  2622
96.956  2670
51.61   2586
42.088  2622
36.04   2670
26.646  2586
25.952  2622
27.388  2670
19.368  2586
21.938  2622
24.501  2670
19.676  2586
22.364  2622
24.356  2670
19.481  2586
21.989  2622
24.101  2670
19.298  2586
21.909  2622
24.323  2670
19.258  2586
21.913  2622
24.356  2670
19.354  2586
21.842  2622
24.235  2670
19.358  2586
21.958  2622
24.544  2670
19.492  2586
22.15   2622
24.263  2670
19.353  2586
21.984  2622
24.263  2670
19.384  2586
21.914  2622
24.07   2670
19.24   2586
22.082  2622
24.271  2670
19.355  2586
21.945  2622
24.438  2670
19.323  2586
22.078  2622
24.218  2670
19.608  2586
22.041  2622
Avg:
23.801  2626
Std Dev:
0.332   1.99
