2.881   1258
2.808   1274
2.805   1266
2.719   1258
2.692   1274
2.681   1266
2.747   1258
2.855   1274
2.8     1266
2.632   1258
2.649   1274
2.665   1266
2.606   1258
2.572   1274
2.577   1266
2.721   1258
2.732   1274
2.684   1266
2.795   1258
2.79    1274
2.752   1266
2.769   1258
2.728   1274
2.71    1266
3.227   1258
3.125   1274
3.452   1266
2.683   1258
2.646   1274
2.637   1266
2.911   1258
2.757   1274
2.768   1266
2.712   1258
2.665   1274
2.692   1266
2.753   1258
2.746   1274
2.721   1266
2.65    1258
2.707   1274
2.724   1266
2.643   1258
2.633   1274
2.638   1266
2.76    1258
2.674   1274
2.672   1266
2.766   1258
2.742   1274
2.704   1266
2.814   1258
2.876   1274
2.875   1266
2.75    1258
2.717   1274
2.687   1266
2.773   1258
2.665   1274
2.666   1266
2.665   1258
2.74    1274
2.665   1266
2.703   1258
2.683   1274
2.646   1266
2.782   1258
2.742   1274
2.71    1266
2.713   1258
2.697   1274
2.67    1266
2.784   1258
2.745   1274
2.751   1266
2.705   1258
2.654   1274
2.715   1266
2.91    1258
2.703   1274
2.727   1266
2.876   1258
2.682   1274
2.679   1266
2.863   1258
2.836   1274
2.856   1266
2.727   1258
2.635   1274
2.607   1266
2.76    1258
2.726   1274
2.733   1266
2.754   1258
2.699   1274
2.81    1266
2.779   1258
2.65    1274
2.623   1266
2.662   1258
2.656   1274
2.644   1266
2.825   1258
2.784   1274
2.802   1266
3.148   1258
3.458   1274
3.381   1266
3.043   1258
3.158   1274
2.831   1266
2.753   1258
2.701   1274
2.645   1266
2.912   1258
2.874   1274
2.819   1266
3.273   1258
2.791   1274
2.976   1266
2.731   1258
2.728   1274
3.227   1266
2.78    1258
3.067   1274
2.806   1266
2.935   1258
2.793   1274
2.787   1266
2.594   1258
2.527   1274
2.539   1266
2.663   1258
2.656   1274
2.744   1266
2.845   1258
2.707   1274
2.745   1266
2.751   1258
2.628   1274
2.621   1266
2.83    1258
2.811   1274
2.708   1266
2.858   1258
2.726   1274
2.69    1266
2.82    1258
2.747   1274
2.67    1266
2.901   1258
2.788   1274
2.78    1266
2.973   1258
2.903   1274
2.898   1266
3.787   1258
4.979   1274
3.767   1266
3.02    1258
3.096   1274
3.09    1266
2.814   1258
2.774   1274
2.794   1266
2.676   1258
2.644   1274
2.634   1266
3.34    1258
3.149   1274
3.114   1266
3.237   1258
3.054   1274
3.011   1266
4.319   1258
4.035   1274
4.702   1266
3.776   1258
3.672   1274
3.686   1266
3.41    1258
3.127   1274
3.112   1266
3.238   1258
3.246   1274
3.288   1266
2.796   1258
2.762   1274
2.763   1266
3.374   1258
3.188   1274
3.209   1266
3.021   1258
2.991   1274
3.044   1266
3.234   1258
3.165   1274
3.138   1266
3.062   1258
3.106   1274
3.039   1266
3.129   1258
3.288   1274
3.276   1266
2.784   1258
2.726   1274
2.69    1266
3.261   1258
3.204   1274
3.207   1266
3.519   1258
3.401   1274
3.195   1266
3.792   1258
3.697   1274
3.751   1266
3.235   1258
3.148   1274
3.121   1266
3.18    1258
3.158   1274
3.147   1266
3.199   1258
2.865   1274
2.823   1266
2.842   1258
2.831   1274
2.764   1266
2.782   1258
2.726   1274
2.72    1266
2.763   1258
2.77    1274
2.779   1266
2.846   1258
2.836   1274
2.818   1266
2.74    1258
2.721   1274
2.743   1266
2.805   1258
2.818   1274
2.712   1266
3.068   1258
3.223   1274
3.175   1266
3.119   1258
3.017   1274
3.064   1266
3.094   1258
3.003   1274
2.997   1266
4.673   1258
5.944   1274
4.755   1266
4.846   1258
4.681   1274
4.56    1266
3.256   1258
3.052   1274
3.008   1266
2.799   1258
2.788   1274
2.796   1266
2.85    1258
2.845   1274
2.734   1266
2.59    1258
2.65    1274
2.656   1266
2.635   1258
2.625   1274
2.644   1266
2.739   1258
2.784   1274
2.761   1266
2.739   1258
2.68    1274
2.702   1266
2.858   1258
2.8     1274
2.797   1266
2.722   1258
2.722   1274
2.647   1266
2.742   1258
2.722   1274
2.719   1266
2.632   1258
2.628   1274
2.618   1266
2.794   1258
2.731   1274
2.773   1266
2.664   1258
2.634   1274
2.695   1266
2.87    1258
2.882   1274
2.835   1266
Avg:
2.929   1266
Std Dev:
0.025   0.378
