25.326  4
24.284  4
24.71   4
25.175  4
24.214  4
24.653  4
25.136  4
24.282  4
24.659  4
25.103  4
24.219  4
24.899  4
25.194  4
24.33   4
24.783  4
24.978  4
24.44   4
24.693  4
25.202  4
24.49   4
24.731  4
25.086  4
26.064  4
25.852  4
25.438  4
24.417  4
24.788  4
25.245  4
24.16   4
24.767  4
25.157  4
24.33   4
24.852  4
25.295  4
24.281  4
24.935  4
25.217  4
24.366  4
24.738  4
25.125  4
24.288  4
24.744  4
25.084  4
24.254  4
24.504  4
25.034  4
24.44   4
24.622  4
25.31   4
24.401  4
24.69   4
25.305  4
24.321  4
24.556  4
25.288  4
24.313  4
24.808  4
25.109  4
24.249  4
24.532  4
25.141  4
24.292  4
24.728  4
25.244  4
24.397  4
25.09   4
25.407  4
24.375  4
24.878  4
25.155  4
24.397  4
24.856  4
25.373  4
24.36   4
25.113  4
25.309  4
24.29   4
24.882  4
25.393  4
24.325  4
24.858  4
25.587  4
24.475  4
24.982  4
25.414  4
24.47   4
24.689  4
25.313  4
24.196  4
24.725  4
25.081  4
24.499  4
24.886  4
26.204  4
24.668  4
25.149  4
25.092  4
24.285  4
24.773  4
25.207  4
24.454  4
25.034  4
25.332  4
24.992  4
24.786  4
25.276  4
24.951  4
25.789  4
27.867  4
27.018  4
27.164  4
25.426  4
27.452  4
26.705  4
29.037  4
26.531  4
25.688  4
26.32   4
25.762  4
25.424  4
25.51   4
24.647  4
24.763  4
25.291  4
24.836  4
25.169  4
25.017  4
24.185  4
24.834  4
25.294  4
24.695  4
24.98   4
25.244  4
24.424  4
25.027  4
25.358  4
24.393  4
24.616  4
25.174  4
24.11   4
24.799  4
25.336  4
24.379  4
24.884  4
25.498  4
24.675  4
24.741  4
25.376  4
24.286  4
25.761  4
29.84   4
28.682  4
28.628  4
29.293  4
28.145  4
30.437  4
29.054  4
28.251  4
28.73   4
29.142  4
28.196  4
25.352  4
25.95   4
28.245  4
28.71   4
27.184  4
29.632  4
28.927  4
29.109  4
28.176  4
28.546  4
29.777  4
30.395  4
36.119  4
42.162  4
35.98   4
33.937  4
29.327  4
28.276  4
28.642  4
32.937  4
28.275  4
28.672  4
29.209  4
26.607  4
25.106  4
27.088  4
28.541  4
28.76   4
29.167  4
28.263  4
28.543  4
29.538  4
28.392  4
28.528  4
31.56   4
33.218  4
33.807  4
29.121  4
28.5    4
28.848  4
29.47   4
28.587  4
26.283  4
29.483  4
28.23   4
28.699  4
29.883  4
28.193  4
28.459  4
42.377  4
40.567  4
41.081  4
42.11   4
35.583  4
33.769  4
29.329  4
28.285  4
28.767  4
25.848  4
24.415  4
24.916  4
25.112  4
24.354  4
24.984  4
25.314  4
24.459  4
24.754  4
25.292  4
24.61   4
25.025  4
26.078  4
24.435  4
24.699  4
29.105  4
26.96   4
26.386  4
25.219  4
24.429  4
24.677  4
27.57   4
28.312  4
28.609  4
27.584  4
24.157  4
25.025  4
29.381  4
28.337  4
28.783  4
29.89   4
37.6    4
40.275  4
42.599  4
34.414  4
48.186  4
29.075  4
28.231  4
28.831  4
25.332  4
24.357  4
24.803  4
25.076  4
24.329  4
24.814  4
25.145  4
24.235  4
24.64   4
25.147  4
24.159  4
24.743  4
25.065  4
24.326  4
24.511  4
25.098  4
24.194  4
24.736  4
25.337  4
24.239  4
24.632  4
25.198  4
24.303  4
24.644  4
25.116  4
24.21   4
24.656  4
25.182  4
24.239  4
24.707  4
25.067  4
24.301  4
24.7    4
25.031  4
24.229  4
24.642  4
25.196  4
24.224  4
24.728  4
25.088  4
24.249  4
24.533  4
Avg:
26.57   4
Std Dev:
0.205   0.0
