21.918  1382
17.08   1321
19.346  1346
21.916  1382
16.823  1321
19.372  1346
21.7    1382
16.91   1321
19.309  1346
21.921  1382
16.73   1321
19.589  1346
21.828  1382
16.654  1321
19.53   1346
21.806  1382
17.044  1321
19.432  1346
21.781  1382
16.922  1321
19.419  1346
21.678  1382
16.88   1321
19.481  1346
25.693  1382
19.443  1321
21.494  1346
21.848  1382
16.98   1321
19.548  1346
21.802  1382
16.781  1321
19.44   1346
22.09   1382
16.929  1321
19.424  1346
21.924  1382
16.891  1321
19.256  1346
21.719  1382
16.749  1321
19.357  1346
21.738  1382
16.879  1321
19.328  1346
21.729  1382
16.72   1321
19.295  1346
21.812  1382
17.138  1321
19.447  1346
21.797  1382
16.624  1321
19.259  1346
21.595  1382
16.775  1321
19.362  1346
21.468  1382
16.841  1321
19.322  1346
21.669  1382
16.823  1321
19.374  1346
21.928  1382
16.645  1321
19.358  1346
22.023  1382
16.836  1321
19.287  1346
21.652  1382
16.713  1321
19.497  1346
21.992  1382
17.0    1321
19.532  1346
22.003  1382
17.034  1321
19.577  1346
21.827  1382
16.769  1321
19.286  1346
21.863  1382
17.118  1321
19.532  1346
22.108  1382
17.093  1321
19.481  1346
21.908  1382
17.08   1321
19.725  1346
21.707  1382
16.916  1321
19.462  1346
22.498  1382
17.08   1321
21.233  1346
21.788  1382
16.876  1321
19.32   1346
21.568  1382
16.901  1321
19.314  1346
21.847  1382
17.418  1321
19.776  1346
24.193  1382
17.282  1321
19.63   1346
23.744  1382
18.411  1321
21.298  1346
22.852  1382
18.208  1321
19.627  1346
22.058  1382
18.041  1321
22.107  1346
24.343  1382
17.826  1321
20.602  1346
22.164  1382
16.859  1321
19.515  1346
22.244  1382
17.009  1321
19.784  1346
21.839  1382
16.927  1321
19.24   1346
21.741  1382
16.799  1321
19.473  1346
21.869  1382
16.846  1321
19.657  1346
22.138  1382
17.037  1321
19.643  1346
21.605  1382
16.994  1321
19.263  1346
21.827  1382
16.865  1321
19.426  1346
22.801  1382
16.962  1321
19.512  1346
21.899  1382
17.169  1321
19.462  1346
21.945  1382
17.09   1321
21.991  1346
25.039  1382
19.446  1321
22.357  1346
29.454  1382
22.877  1321
24.983  1346
25.406  1382
19.581  1321
22.654  1346
21.952  1382
17.298  1321
19.467  1346
21.796  1382
17.092  1321
19.448  1346
25.261  1382
19.449  1321
22.29   1346
23.97   1382
18.57   1321
22.441  1346
35.85   1382
28.283  1321
33.255  1346
26.846  1382
19.52   1321
22.448  1346
28.733  1382
23.092  1321
26.488  1346
25.334  1382
19.662  1321
22.649  1346
21.847  1382
17.136  1321
19.588  1346
25.437  1382
20.059  1321
22.368  1346
25.594  1382
19.857  1321
22.717  1346
25.605  1382
19.749  1321
22.579  1346
25.518  1382
19.326  1321
22.266  1346
25.391  1382
19.931  1321
22.393  1346
21.908  1382
16.846  1321
19.633  1346
25.176  1382
19.426  1321
22.437  1346
29.355  1382
22.79   1321
31.368  1346
29.946  1382
23.133  1321
26.497  1346
25.216  1382
19.582  1321
22.456  1346
25.063  1382
19.283  1321
22.46   1346
22.264  1382
17.008  1321
19.625  1346
22.048  1382
16.742  1321
19.431  1346
21.816  1382
16.932  1321
19.377  1346
21.825  1382
16.639  1321
19.363  1346
24.217  1382
19.479  1321
22.572  1346
25.136  1382
19.296  1321
19.092  1346
21.826  1382
16.906  1321
19.328  1346
25.077  1382
19.17   1321
22.293  1346
25.132  1382
19.721  1321
22.764  1346
25.665  1382
19.601  1321
23.047  1346
90.717  1382
37.859  1321
36.653  1346
31.799  1382
23.028  1321
22.523  1346
24.576  1382
16.821  1321
19.361  1346
21.802  1382
16.794  1321
19.566  1346
21.694  1382
16.785  1321
19.36   1346
21.605  1382
16.781  1321
19.394  1346
21.779  1382
16.703  1321
19.361  1346
21.731  1382
16.672  1321
19.214  1346
21.618  1382
16.722  1321
19.352  1346
21.836  1382
16.716  1321
19.366  1346
21.672  1382
16.757  1321
19.364  1346
21.655  1382
16.73   1321
19.281  1346
21.542  1382
16.711  1321
19.527  1346
21.657  1382
16.697  1321
19.223  1346
21.784  1382
16.743  1321
19.481  1346
21.507  1382
16.865  1321
19.326  1346
Avg:
20.909  1349.6666666666667
Std Dev:
0.305   1.448
