1.323   180
1.296   180
1.376   180
1.329   180
1.313   180
1.323   180
1.339   180
1.284   180
1.301   180
1.322   180
1.359   180
1.353   180
1.307   180
1.326   180
1.321   180
1.319   180
1.294   180
1.388   180
1.325   180
1.375   180
1.339   180
1.309   180
1.376   180
1.34    180
1.688   180
1.528   180
1.586   180
1.306   180
1.268   180
1.331   180
1.309   180
1.288   180
1.308   180
1.328   180
1.3     180
1.346   180
1.36    180
1.303   180
1.318   180
1.3     180
1.287   180
1.322   180
1.327   180
1.352   180
1.327   180
1.339   180
1.277   180
1.316   180
1.329   180
1.343   180
1.334   180
1.32    180
1.364   180
1.376   180
1.307   180
1.303   180
1.334   180
1.327   180
1.293   180
1.31    180
1.385   180
1.301   180
1.307   180
1.307   180
1.354   180
1.448   180
1.315   180
1.378   180
1.382   180
1.313   180
1.367   180
1.346   180
1.368   180
1.292   180
1.353   180
1.334   180
1.45    180
1.335   180
1.317   180
1.279   180
1.379   180
1.395   180
1.311   180
1.326   180
1.327   180
1.332   180
1.337   180
1.365   180
1.424   180
1.316   180
1.321   180
1.368   180
1.347   180
1.301   180
1.462   180
1.345   180
1.346   180
1.329   180
1.359   180
1.341   180
1.315   180
1.359   180
1.416   180
1.33    180
1.506   180
1.685   180
1.553   180
1.675   180
1.577   180
1.385   180
1.977   180
1.521   180
1.327   180
1.518   180
1.513   180
1.34    180
1.493   180
1.419   180
1.453   180
1.633   180
1.45    180
1.29    180
1.35    180
1.309   180
1.399   180
1.349   180
1.396   180
1.453   180
1.399   180
1.326   180
1.294   180
1.338   180
1.355   180
1.355   180
1.321   180
1.36    180
1.309   180
1.343   180
1.321   180
1.301   180
1.392   180
1.326   180
1.319   180
1.338   180
1.344   180
1.309   180
1.297   180
1.34    180
1.295   180
1.325   180
1.328   180
1.393   180
1.452   180
1.549   180
1.499   180
1.648   180
1.937   180
1.915   180
1.862   180
1.553   180
1.489   180
1.549   180
1.392   180
1.318   180
1.344   180
1.329   180
1.361   180
1.342   180
1.56    180
1.548   180
1.544   180
1.601   180
1.527   180
1.673   180
1.822   180
1.759   180
2.021   180
1.781   180
1.732   180
1.865   180
1.503   180
1.494   180
1.52    180
1.618   180
1.487   180
1.529   180
1.328   180
1.323   180
1.373   180
1.538   180
1.536   180
1.549   180
1.538   180
1.523   180
1.532   180
1.544   180
1.471   180
1.523   180
1.624   180
1.556   180
1.523   180
1.703   180
1.498   180
1.557   180
1.313   180
1.303   180
1.423   180
1.534   180
1.465   180
1.574   180
1.585   180
1.501   180
1.576   180
1.986   180
1.778   180
1.891   180
1.535   180
1.51    180
1.626   180
1.55    180
1.495   180
1.513   180
1.329   180
1.343   180
1.493   180
1.319   180
1.368   180
1.337   180
1.39    180
1.27    180
1.389   180
1.327   180
1.291   180
1.316   180
1.317   180
1.262   180
1.328   180
1.288   180
1.272   180
1.33    180
1.371   180
1.311   180
1.321   180
1.531   180
1.483   180
1.524   180
1.524   180
1.512   180
1.628   180
1.495   180
1.531   180
1.642   180
11.846  180
1.738   180
2.226   180
2.207   180
2.344   180
2.28    180
1.618   180
1.542   180
1.609   180
1.331   180
1.306   180
1.312   180
1.389   180
1.318   180
1.306   180
1.371   180
1.283   180
1.318   180
1.319   180
1.316   180
1.322   180
1.368   180
1.313   180
1.335   180
1.3     180
1.285   180
1.413   180
1.41    180
1.302   180
1.29    180
1.304   180
1.295   180
1.358   180
1.335   180
1.3     180
1.34    180
1.303   180
1.29    180
1.318   180
1.32    180
1.281   180
1.465   180
1.311   180
1.276   180
1.404   180
1.309   180
1.291   180
1.391   180
Avg:
1.459   180
Std Dev:
0.036   0.0
