0.27    485
0.257   497
0.26    489
0.265   485
0.276   497
0.263   489
0.27    485
0.262   497
0.278   489
0.268   485
0.273   497
0.273   489
0.264   485
0.249   497
0.264   489
0.267   485
0.273   497
0.255   489
0.263   485
0.277   497
0.261   489
0.256   485
0.255   497
0.258   489
0.319   485
0.304   497
0.609   489
0.277   485
0.259   497
0.266   489
0.289   485
0.261   497
0.268   489
0.274   485
0.275   497
0.272   489
0.259   485
0.266   497
0.27    489
0.268   485
0.278   497
0.284   489
0.252   485
0.259   497
0.276   489
0.257   485
0.261   497
0.261   489
0.261   485
0.261   497
0.251   489
0.276   485
0.257   497
0.278   489
0.26    485
0.269   497
0.266   489
0.259   485
0.261   497
0.253   489
0.281   485
0.273   497
0.268   489
0.268   485
0.261   497
0.277   489
0.274   485
0.257   497
0.258   489
0.263   485
0.274   497
0.255   489
0.261   485
0.27    497
0.266   489
0.274   485
0.273   497
0.256   489
0.275   485
0.261   497
0.277   489
0.263   485
0.273   497
0.257   489
0.267   485
0.267   497
0.32    489
0.283   485
0.288   497
0.263   489
0.26    485
0.264   497
0.266   489
0.282   485
0.276   497
0.272   489
0.277   485
0.277   497
0.262   489
0.266   485
0.269   497
0.264   489
0.265   485
0.262   497
0.27    489
0.304   485
0.313   497
0.317   489
0.291   485
0.318   497
0.281   489
0.279   485
0.281   497
0.28    489
0.283   485
0.295   497
0.268   489
0.591   485
0.328   497
0.284   489
0.277   485
0.278   497
0.441   489
0.28    485
0.266   497
0.295   489
0.277   485
0.262   497
0.261   489
0.28    485
0.271   497
0.264   489
0.268   485
0.259   497
0.27    489
0.3     485
0.267   497
0.26    489
0.261   485
0.254   497
0.266   489
0.269   485
0.276   497
0.266   489
0.284   485
0.263   497
0.266   489
0.297   485
0.265   497
0.269   489
0.289   485
0.284   497
0.268   489
0.304   485
0.302   497
0.304   489
0.355   485
0.44    497
0.367   489
0.302   485
0.316   497
0.328   489
0.27    485
0.258   497
0.267   489
0.27    485
0.273   497
0.278   489
0.326   485
0.317   497
0.305   489
0.325   485
0.317   497
0.314   489
0.445   485
0.413   497
0.587   489
0.36    485
0.375   497
0.375   489
0.333   485
0.322   497
0.314   489
0.309   485
0.312   497
0.307   489
0.269   485
0.279   497
0.272   489
0.327   485
0.305   497
0.316   489
0.316   485
0.316   497
0.373   489
0.327   485
0.318   497
0.299   489
0.301   485
0.299   497
0.296   489
0.322   485
0.347   497
0.324   489
0.273   485
0.269   497
0.269   489
0.295   485
0.295   497
0.312   489
0.349   485
0.312   497
0.307   489
0.373   485
0.357   497
0.362   489
0.324   485
0.304   497
0.306   489
0.303   485
0.314   497
0.293   489
0.281   485
0.277   497
0.265   489
0.263   485
0.27    497
0.28    489
0.274   485
0.258   497
0.261   489
0.257   485
0.258   497
0.276   489
0.262   485
0.261   497
0.262   489
0.255   485
0.259   497
0.266   489
0.265   485
0.291   497
0.273   489
0.308   485
0.301   497
0.332   489
0.34    485
0.325   497
0.311   489
0.327   485
0.308   497
0.32    489
0.429   485
0.484   497
0.452   489
0.47    485
0.488   497
0.442   489
0.33    485
0.314   497
0.294   489
0.272   485
0.258   497
0.277   489
0.263   485
0.296   497
0.268   489
0.263   485
0.261   497
0.272   489
0.271   485
0.257   497
0.274   489
0.252   485
0.268   497
0.268   489
0.273   485
0.262   497
0.276   489
0.278   485
0.261   497
0.269   489
0.256   485
0.264   497
0.252   489
0.263   485
0.262   497
0.258   489
0.27    485
0.273   497
0.258   489
0.269   485
0.264   497
0.269   489
0.261   485
0.259   497
0.277   489
0.268   485
0.28    497
0.281   489
Avg:
0.291   490.3333333333333
Std Dev:
0.003   0.289
