1.177   453
1.095   453
1.083   453
1.106   453
1.095   453
1.14    453
1.096   453
1.096   453
1.086   453
1.119   453
1.088   453
1.076   453
1.118   453
1.081   453
1.068   453
1.099   453
1.109   453
1.079   453
1.096   453
1.167   453
1.096   453
1.087   453
1.102   453
1.201   453
1.34    453
1.293   453
1.266   453
1.12    453
1.159   453
1.074   453
1.117   453
1.077   453
1.1     453
1.135   453
1.075   453
1.089   453
1.11    453
1.099   453
1.084   453
1.139   453
1.113   453
1.092   453
1.097   453
1.074   453
1.165   453
1.092   453
1.08    453
1.084   453
1.091   453
1.137   453
1.088   453
1.109   453
1.186   453
1.107   453
1.17    453
1.148   453
1.094   453
1.09    453
1.083   453
1.124   453
1.096   453
1.073   453
1.074   453
1.088   453
1.101   453
1.086   453
1.101   453
1.126   453
1.084   453
1.104   453
1.085   453
1.081   453
1.1     453
1.075   453
1.082   453
1.137   453
1.091   453
1.072   453
1.106   453
1.075   453
1.14    453
1.106   453
1.075   453
1.072   453
1.225   453
1.202   453
1.1     453
1.102   453
1.11    453
1.153   453
1.105   453
1.083   453
1.101   453
1.103   453
1.109   453
1.086   453
1.127   453
1.102   453
1.175   453
1.103   453
1.089   453
1.233   453
1.196   453
1.194   453
1.176   453
1.303   453
1.323   453
1.233   453
1.456   453
1.417   453
1.405   453
1.216   453
1.28    453
1.277   453
1.137   453
1.105   453
1.095   453
2.225   453
1.315   453
1.179   453
1.245   453
1.135   453
1.108   453
1.145   453
1.1     453
1.078   453
1.242   453
1.121   453
1.101   453
1.122   453
1.095   453
1.074   453
1.184   453
1.111   453
1.115   453
1.133   453
1.097   453
1.085   453
1.106   453
1.213   453
1.122   453
1.131   453
1.117   453
1.098   453
1.1     453
1.192   453
1.106   453
1.118   453
1.071   453
1.089   453
1.2     453
1.123   453
1.107   453
1.291   453
1.284   453
1.272   453
1.333   453
1.284   453
1.395   453
1.46    453
1.296   453
1.477   453
1.117   453
1.076   453
1.089   453
1.13    453
1.11    453
1.096   453
1.315   453
1.301   453
1.352   453
1.304   453
1.303   453
1.296   453
2.306   453
1.921   453
1.37    453
1.502   453
1.511   453
1.458   453
1.317   453
1.268   453
1.271   453
1.316   453
1.275   453
1.369   453
1.155   453
1.118   453
1.126   453
1.274   453
1.251   453
1.436   453
1.29    453
1.259   453
1.436   453
1.333   453
1.255   453
1.237   453
1.611   453
1.513   453
1.463   453
1.305   453
1.26    453
1.252   453
1.129   453
1.21    453
1.124   453
1.532   453
1.32    453
1.284   453
1.287   453
1.264   453
1.283   453
2.049   453
1.949   453
1.751   453
1.499   453
1.255   453
1.43    453
1.276   453
1.251   453
1.256   453
1.139   453
1.086   453
1.088   453
1.192   453
1.11    453
1.097   453
1.125   453
1.082   453
1.075   453
1.128   453
1.186   453
1.125   453
1.119   453
1.095   453
1.093   453
1.13    453
1.112   453
1.086   453
1.121   453
1.107   453
1.086   453
1.301   453
1.264   453
1.248   453
1.281   453
1.264   453
1.262   453
1.274   453
1.273   453
1.278   453
1.91    453
5.8     453
1.848   453
1.614   453
1.53    453
1.487   453
1.387   453
1.305   453
1.25    453
1.24    453
1.114   453
1.089   453
1.09    453
1.071   453
1.063   453
1.097   453
1.096   453
1.071   453
1.099   453
1.079   453
1.126   453
1.076   453
1.068   453
1.089   453
1.085   453
1.07    453
1.073   453
1.117   453
1.074   453
1.078   453
1.08    453
1.075   453
1.083   453
1.079   453
1.06    453
1.074   453
1.161   453
1.078   453
1.067   453
1.096   453
1.076   453
1.077   453
1.115   453
1.094   453
1.095   453
1.113   453
1.113   453
1.071   453
Avg:
1.21    453
Std Dev:
0.018   0.0
