0.595   210
0.529   210
0.532   210
6.105   576
4.673   454
5.198   515
0.529   210
0.52    210
0.555   210
6.102   576
4.505   454
5.259   515
0.528   210
0.518   210
0.533   210
5.936   576
4.537   454
5.166   515
0.54    210
0.526   210
0.523   210
6.041   576
4.44    454
5.396   515
0.53    210
0.536   210
0.528   210
5.947   576
4.399   454
5.387   515
0.525   210
0.549   210
0.531   210
6.04    576
4.525   454
5.259   515
0.54    210
0.585   210
0.525   210
6.009   576
4.536   454
5.297   515
0.527   210
0.551   210
0.582   210
5.98    576
4.468   454
5.286   515
0.638   210
0.618   210
0.609   210
6.988   576
5.163   454
5.174   515
0.532   210
0.582   210
0.525   210
5.992   576
4.634   454
5.314   515
0.544   210
0.516   210
0.52    210
5.965   576
4.534   454
5.181   515
0.561   210
0.517   210
0.534   210
6.136   576
4.532   454
5.322   515
0.528   210
0.521   210
0.539   210
6.093   576
4.593   454
5.096   515
0.549   210
0.535   210
0.525   210
5.919   576
4.513   454
5.258   515
0.551   210
0.526   210
0.579   210
5.979   576
4.506   454
5.208   515
0.54    210
0.535   210
0.53    210
5.941   576
4.453   454
5.249   515
0.529   210
0.57    210
0.523   210
6.078   576
4.692   454
5.199   515
0.527   210
0.588   210
0.541   210
5.998   576
4.383   454
5.187   515
0.578   210
0.549   210
0.523   210
5.899   576
4.491   454
5.322   515
0.53    210
0.534   210
0.554   210
5.824   576
4.517   454
5.203   515
0.537   210
0.53    210
0.526   210
5.918   576
4.53    454
5.205   515
0.534   210
0.518   210
0.518   210
6.099   576
4.4     454
5.184   515
0.529   210
0.556   210
0.526   210
6.063   576
4.588   454
5.14    515
0.532   210
0.542   210
0.532   210
5.965   576
4.48    454
5.348   515
0.541   210
0.531   210
0.532   210
6.114   576
4.616   454
5.358   515
0.552   210
0.531   210
0.532   210
6.044   576
4.504   454
5.269   515
0.533   210
0.527   210
0.573   210
5.984   576
4.468   454
5.189   515
0.547   210
0.51    210
0.514   210
5.939   576
4.713   454
5.239   515
0.632   210
0.588   210
0.535   210
6.144   576
4.636   454
5.235   515
0.527   210
0.554   210
0.581   210
6.015   576
4.581   454
5.411   515
0.548   210
0.523   210
0.538   210
5.94    576
4.621   454
5.236   515
0.528   210
0.533   210
0.515   210
6.07    576
4.655   454
5.438   515
0.562   210
0.532   210
0.55    210
5.96    576
4.587   454
5.229   515
0.541   210
0.521   210
0.569   210
5.857   576
4.478   454
5.188   515
0.532   210
0.611   210
0.589   210
6.127   576
4.616   454
5.343   515
0.664   210
0.652   210
0.553   210
7.329   576
4.513   454
5.257   515
0.781   210
0.721   210
0.767   210
6.537   576
5.181   454
5.496   515
0.59    210
0.665   210
0.637   210
6.157   576
4.802   454
5.386   515
0.545   210
0.55    210
0.537   210
6.116   576
4.943   454
6.466   515
1.39    210
0.726   210
0.613   210
6.863   576
4.907   454
5.55    515
0.556   210
0.554   210
0.528   210
6.068   576
4.487   454
5.233   515
0.57    210
0.524   210
0.53    210
6.035   576
4.478   454
5.397   515
0.633   210
0.526   210
0.544   210
5.908   576
4.459   454
5.166   515
0.548   210
0.537   210
0.534   210
6.006   576
4.517   454
5.248   515
0.584   210
0.539   210
0.544   210
6.074   576
4.553   454
5.398   515
0.54    210
0.529   210
0.543   210
6.091   576
4.567   454
5.356   515
0.528   210
0.62    210
0.558   210
5.928   576
4.534   454
5.135   515
0.559   210
0.543   210
0.539   210
5.879   576
4.519   454
5.276   515
0.542   210
0.605   210
0.532   210
6.821   576
4.483   454
5.33    515
0.557   210
0.528   210
0.524   210
6.032   576
4.58    454
5.212   515
0.571   210
0.55    210
0.534   210
5.978   576
4.681   454
6.697   515
0.626   210
0.629   210
0.632   210
6.847   576
5.232   454
5.987   515
0.632   210
0.633   210
0.66    210
8.064   576
6.129   454
6.053   515
0.728   210
0.629   210
0.759   210
6.861   576
5.216   454
6.09    515
0.543   210
0.522   210
0.542   210
6.111   576
4.608   454
5.26    515
0.559   210
0.538   210
0.533   210
5.96    576
4.53    454
5.255   515
0.645   210
0.637   210
0.65    210
6.918   576
5.217   454
6.029   515
0.629   210
0.626   210
0.637   210
6.36    576
5.301   454
6.088   515
1.18    210
1.019   210
0.658   210
10.325  576
7.532   454
9.003   515
0.754   210
0.741   210
0.712   210
6.921   576
5.302   454
6.149   515
0.629   210
0.611   210
0.624   210
8.097   576
6.151   454
7.138   515
0.652   210
0.633   210
0.627   210
7.022   576
5.313   454
6.204   515
0.573   210
0.546   210
0.543   210
6.023   576
4.714   454
5.311   515
0.626   210
0.615   210
0.76    210
6.855   576
5.459   454
5.988   515
0.62    210
0.621   210
0.763   210
6.984   576
5.432   454
6.201   515
0.648   210
0.604   210
0.604   210
7.205   576
5.232   454
6.169   515
0.8     210
0.735   210
0.724   210
7.165   576
5.134   454
5.943   515
0.641   210
0.607   210
0.612   210
7.109   576
5.308   454
6.06    515
0.538   210
0.607   210
0.536   210
6.126   576
4.48    454
5.302   515
0.835   210
0.64    210
0.613   210
6.968   576
5.213   454
6.091   515
0.63    210
0.618   210
0.611   210
8.142   576
6.088   454
10.542  515
0.928   210
0.938   210
0.816   210
8.162   576
6.169   454
7.215   515
0.732   210
0.609   210
0.721   210
7.074   576
5.239   454
5.972   515
0.625   210
0.623   210
0.624   210
6.913   576
5.159   454
6.12    515
0.57    210
0.523   210
0.531   210
6.133   576
4.679   454
5.265   515
0.593   210
0.529   210
0.523   210
6.173   576
4.487   454
5.376   515
0.558   210
0.522   210
0.517   210
6.02    576
4.551   454
5.229   515
0.56    210
0.587   210
0.543   210
5.999   576
4.347   454
5.291   515
0.537   210
0.544   210
0.535   210
6.997   576
5.139   454
6.097   515
0.561   210
0.554   210
0.523   210
6.829   576
5.043   454
5.074   515
0.535   210
0.547   210
0.525   210
5.958   576
4.571   454
5.214   515
0.642   210
0.62    210
0.608   210
6.903   576
5.03    454
6.046   515
0.614   210
0.62    210
0.619   210
6.894   576
5.389   454
6.151   515
0.613   210
0.644   210
0.62    210
7.228   576
5.264   454
6.228   515
0.93    210
4.755   210
0.89    210
16.835  576
9.435   454
9.948   515
0.772   210
0.751   210
0.724   210
8.034   576
6.147   454
6.117   515
0.63    210
0.629   210
0.627   210
6.358   576
4.493   454
5.146   515
0.619   210
0.538   210
0.538   210
5.913   576
4.466   454
5.314   515
0.521   210
0.519   210
0.523   210
5.962   576
4.522   454
5.217   515
0.538   210
0.542   210
0.524   210
5.942   576
4.577   454
5.271   515
0.548   210
0.53    210
0.548   210
6.107   576
4.461   454
5.22    515
0.534   210
0.517   210
0.546   210
6.028   576
4.429   454
5.194   515
0.531   210
0.52    210
0.52    210
5.917   576
4.443   454
5.26    515
0.541   210
0.526   210
0.523   210
6.108   576
4.41    454
5.257   515
0.521   210
0.519   210
0.537   210
5.994   576
4.539   454
5.254   515
0.51    210
0.514   210
0.528   210
5.965   576
4.511   454
5.182   515
0.585   210
0.512   210
0.514   210
5.859   576
4.501   454
5.362   515
0.513   210
0.529   210
0.534   210
6.081   576
4.44    454
5.146   515
0.532   210
0.542   210
0.522   210
5.961   576
4.495   454
5.255   515
0.532   210
0.546   210
0.515   210
5.841   576
4.564   454
5.216   515
Avg:
3.128   362.5
Std Dev:
0.109   6.395
