0.731   4
0.737   4
0.761   4
6.595   4
5.176   4
5.812   4
0.741   4
0.754   4
0.733   4
6.552   4
5.093   4
5.843   4
0.748   4
0.727   4
0.718   4
6.58    4
5.118   4
5.824   4
0.747   4
0.772   4
0.748   4
6.579   4
5.048   4
6.125   4
0.727   4
0.754   4
0.729   4
6.639   4
5.183   4
5.957   4
0.73    4
0.742   4
0.78    4
6.375   4
5.228   4
5.872   4
0.739   4
0.801   4
0.739   4
6.623   4
5.3     4
5.881   4
0.708   4
0.788   4
0.727   4
6.505   4
6.851   4
6.751   4
0.969   4
0.848   4
0.839   4
6.862   4
5.172   4
5.958   4
0.731   4
0.723   4
0.729   4
6.691   4
5.016   4
5.925   4
0.727   4
0.729   4
0.715   4
6.606   4
5.19    4
5.812   4
0.72    4
0.738   4
0.746   4
6.7     4
5.09    4
6.022   4
0.759   4
0.727   4
0.719   4
6.625   4
5.169   4
5.88    4
0.721   4
0.721   4
0.731   4
6.633   4
5.138   4
5.93    4
0.742   4
0.776   4
0.728   4
6.501   4
5.025   4
5.701   4
0.752   4
0.719   4
0.717   4
6.509   4
5.223   4
5.777   4
0.735   4
0.763   4
0.737   4
6.57    4
5.139   4
5.828   4
0.721   4
0.771   4
0.767   4
6.615   4
5.113   4
5.71    4
0.734   4
0.726   4
0.733   4
6.633   4
5.257   4
5.836   4
0.733   4
0.731   4
0.721   4
6.504   4
5.152   4
5.68    4
0.783   4
0.732   4
0.732   4
6.592   4
5.172   4
5.901   4
0.739   4
0.764   4
0.838   4
6.644   4
5.184   4
6.025   4
0.721   4
0.783   4
0.758   4
6.825   4
5.212   4
6.021   4
0.729   4
0.763   4
0.745   4
6.559   4
5.111   4
5.989   4
0.792   4
0.722   4
0.746   4
6.709   4
5.082   4
5.953   4
0.75    4
0.843   4
0.748   4
6.652   4
5.165   4
5.901   4
0.731   4
0.737   4
0.791   4
6.612   4
5.146   4
5.878   4
0.798   4
0.757   4
0.735   4
6.667   4
5.182   4
5.874   4
0.743   4
0.748   4
0.745   4
6.693   4
5.295   4
5.781   4
0.745   4
0.816   4
0.748   4
6.654   4
5.059   4
5.839   4
0.728   4
0.809   4
0.762   4
6.462   4
5.156   4
5.878   4
0.729   4
0.87    4
0.742   4
6.824   4
5.179   4
6.094   4
0.747   4
0.75    4
0.761   4
6.478   4
5.018   4
5.883   4
0.754   4
0.746   4
0.758   4
6.562   4
5.086   4
5.811   4
0.826   4
0.76    4
0.868   4
6.631   4
5.357   4
5.829   4
1.001   4
0.947   4
0.824   4
6.553   4
5.573   4
6.281   4
0.975   4
0.8     4
1.258   4
7.212   4
5.795   4
6.363   4
0.921   4
0.755   4
0.85    4
6.779   4
5.671   4
6.544   4
0.89    4
0.761   4
0.845   4
7.813   4
5.833   4
6.328   4
0.806   4
0.807   4
0.935   4
7.003   4
5.392   4
6.181   4
0.842   4
0.734   4
0.743   4
6.659   4
5.123   4
5.906   4
0.735   4
0.813   4
0.758   4
6.713   4
5.33    4
6.022   4
0.772   4
0.858   4
0.787   4
6.383   4
5.068   4
5.885   4
0.732   4
0.74    4
0.744   4
6.542   4
5.274   4
6.027   4
0.747   4
0.778   4
0.731   4
6.626   4
5.113   4
5.918   4
0.758   4
0.746   4
0.726   4
6.687   4
5.215   4
5.823   4
0.725   4
0.742   4
0.78    4
6.596   4
5.034   4
5.822   4
0.726   4
0.739   4
0.744   4
6.649   4
5.112   4
5.896   4
0.766   4
0.743   4
0.704   4
6.69    4
5.229   4
5.845   4
0.753   4
0.721   4
0.737   4
6.752   4
5.112   4
5.819   4
0.741   4
0.79    4
0.808   4
7.91    4
6.072   4
6.692   4
0.856   4
0.859   4
0.909   4
7.782   4
5.919   4
7.694   4
1.081   4
1.101   4
1.047   4
7.534   4
6.187   4
6.751   4
0.862   4
0.828   4
0.848   4
7.586   4
6.039   4
5.717   4
0.769   4
0.745   4
0.735   4
7.406   4
6.042   4
6.837   4
0.743   4
0.773   4
0.742   4
7.564   4
6.72    4
6.937   4
0.872   4
0.872   4
0.86    4
7.658   4
5.958   4
6.662   4
0.909   4
0.85    4
0.873   4
7.691   4
6.975   4
9.26    4
1.014   4
1.004   4
1.113   4
11.138  4
7.111   4
7.981   4
0.97    4
0.965   4
1.04    4
7.752   4
5.998   4
6.815   4
0.839   4
0.838   4
0.837   4
7.718   4
5.991   4
6.745   4
0.901   4
0.847   4
0.852   4
7.705   4
5.211   4
5.954   4
0.74    4
0.76    4
0.766   4
7.657   4
6.291   4
6.778   4
0.862   4
0.857   4
0.854   4
7.525   4
6.074   4
6.657   4
0.854   4
0.847   4
0.836   4
7.888   4
6.012   4
6.767   4
0.843   4
0.829   4
0.842   4
9.166   4
7.145   4
8.192   4
0.927   4
0.887   4
0.843   4
7.659   4
6.199   4
6.826   4
0.983   4
0.856   4
0.845   4
7.744   4
6.078   4
5.805   4
0.728   4
0.725   4
0.809   4
7.805   4
5.945   4
6.88    4
0.854   4
0.82    4
0.865   4
7.735   4
5.935   4
6.718   4
0.89    4
0.831   4
0.852   4
11.073  4
8.633   4
9.619   4
1.176   4
1.014   4
1.051   4
10.964  4
7.018   4
7.986   4
0.856   4
0.855   4
0.919   4
7.829   4
5.95    4
6.831   4
0.869   4
0.829   4
0.837   4
6.674   4
5.225   4
5.919   4
0.736   4
0.763   4
0.872   4
6.58    4
5.156   4
5.974   4
0.744   4
0.778   4
0.748   4
6.604   4
5.289   4
5.842   4
0.774   4
0.717   4
0.766   4
6.691   4
5.095   4
5.92    4
0.732   4
0.723   4
0.728   4
6.788   4
5.27    4
5.88    4
0.725   4
0.7     4
0.725   4
7.508   4
5.126   4
6.254   4
0.732   4
0.703   4
0.729   4
6.62    4
5.198   4
5.819   4
0.754   4
0.741   4
0.728   4
7.596   4
6.059   4
6.796   4
0.84    4
0.821   4
0.846   4
6.645   4
5.036   4
5.946   4
0.832   4
0.857   4
0.9     4
7.773   4
6.208   4
6.992   4
0.824   4
0.869   4
0.931   4
7.677   4
8.065   4
10.078  4
10.944  4
0.985   4
1.213   4
10.78   4
7.548   4
12.797  4
1.217   4
1.349   4
1.265   4
7.54    4
6.023   4
6.961   4
0.929   4
0.87    4
0.903   4
6.731   4
5.222   4
5.924   4
0.737   4
0.741   4
0.719   4
6.45    4
5.182   4
5.907   4
0.771   4
0.746   4
0.737   4
6.635   4
5.115   4
5.862   4
0.792   4
0.731   4
0.721   4
6.619   4
5.122   4
5.926   4
0.729   4
0.736   4
0.733   4
6.569   4
5.182   4
5.685   4
0.757   4
0.748   4
0.733   4
6.584   4
5.134   4
5.915   4
0.721   4
0.726   4
0.801   4
6.569   4
5.132   4
5.855   4
0.797   4
0.741   4
0.71    4
6.656   4
5.208   4
5.848   4
0.736   4
0.737   4
0.744   4
6.578   4
5.114   4
5.81    4
0.744   4
0.732   4
0.744   4
6.617   4
5.161   4
5.848   4
0.733   4
0.725   4
0.74    4
6.515   4
5.132   4
5.932   4
0.725   4
0.726   4
0.768   4
6.508   4
5.104   4
5.862   4
0.739   4
0.707   4
0.796   4
6.621   4
5.119   4
5.889   4
0.729   4
0.731   4
0.782   4
6.59    4
5.132   4
5.769   4
Avg:
3.58    4
Std Dev:
0.118   0.0
