3.855   926
3.824   938
4.063   930
3.795   926
3.74    938
3.733   930
3.786   926
3.715   938
3.717   930
3.666   926
3.713   938
3.722   930
3.69    926
3.761   938
3.65    930
3.778   926
3.714   938
3.834   930
3.898   926
3.93    938
3.884   930
3.801   926
3.881   938
3.84    930
4.572   926
4.421   938
4.468   930
3.746   926
3.615   938
3.837   930
3.793   926
3.738   938
3.757   930
3.715   926
3.649   938
3.852   930
3.865   926
3.813   938
3.798   930
3.672   926
3.652   938
3.679   930
3.762   926
3.736   938
3.718   930
3.814   926
3.71    938
3.747   930
3.82    926
3.927   938
3.826   930
3.856   926
3.923   938
3.967   930
3.736   926
3.804   938
3.774   930
3.791   926
3.711   938
3.731   930
3.766   926
3.7     938
3.723   930
3.677   926
3.746   938
3.866   930
3.808   926
3.887   938
3.922   930
3.733   926
3.827   938
3.824   930
3.833   926
3.765   938
3.821   930
3.789   926
3.914   938
3.875   930
3.751   926
3.707   938
3.834   930
3.852   926
3.794   938
3.711   930
3.922   926
4.086   938
4.062   930
3.743   926
3.801   938
3.799   930
3.799   926
3.843   938
3.822   930
3.64    926
3.967   938
3.799   930
3.875   926
3.903   938
3.925   930
3.828   926
3.705   938
3.783   930
4.029   926
3.922   938
4.054   930
4.978   926
4.495   938
4.545   930
4.354   926
4.198   938
4.869   930
3.902   926
3.671   938
4.139   930
4.265   926
4.184   938
4.264   930
3.851   926
3.878   938
4.232   930
4.237   926
3.75    938
3.921   930
3.728   926
3.868   938
3.906   930
4.049   926
4.252   938
4.092   930
3.654   926
3.577   938
3.601   930
3.769   926
3.783   938
3.755   930
3.905   926
3.727   938
3.722   930
3.704   926
3.679   938
3.75    930
3.825   926
3.825   938
3.775   930
3.799   926
3.724   938
3.713   930
3.747   926
3.66    938
3.695   930
3.824   926
4.561   938
4.015   930
4.26    926
4.122   938
4.276   930
5.251   926
5.739   938
5.404   930
4.357   926
4.241   938
4.239   930
4.033   926
3.887   938
3.881   930
3.706   926
3.776   938
3.766   930
4.446   926
4.369   938
4.376   930
4.37    926
4.254   938
4.388   930
5.107   926
5.258   938
5.647   930
5.128   926
5.046   938
5.259   930
4.35    926
4.296   938
4.331   930
4.705   926
4.465   938
4.46    930
3.843   926
3.82    938
4.092   930
4.482   926
4.435   938
4.402   930
4.352   926
4.226   938
4.214   930
4.599   926
4.348   938
4.41    930
4.497   926
4.38    938
4.302   930
4.608   926
4.421   938
4.364   930
3.785   926
3.754   938
3.892   930
4.496   926
4.394   938
4.62    930
4.669   926
4.335   938
4.428   930
5.546   926
5.108   938
5.329   930
4.516   926
4.331   938
4.487   930
4.539   926
4.372   938
4.388   930
3.763   926
3.996   938
4.255   930
3.887   926
3.901   938
3.89    930
3.896   926
3.729   938
3.886   930
3.879   926
3.814   938
3.829   930
3.888   926
3.85    938
3.936   930
3.762   926
3.733   938
3.777   930
3.919   926
3.792   938
3.735   930
4.29    926
4.281   938
4.26    930
4.41    926
4.228   938
4.375   930
4.223   926
4.245   938
4.359   930
17.23   926
6.178   938
9.074   930
5.904   926
6.475   938
6.442   930
4.405   926
4.301   938
4.35    930
3.871   926
3.838   938
3.814   930
3.879   926
3.862   938
3.767   930
3.718   926
3.634   938
3.623   930
3.714   926
3.676   938
3.675   930
3.85    926
3.803   938
3.778   930
3.695   926
3.677   938
3.847   930
4.004   926
3.949   938
3.837   930
3.723   926
3.695   938
3.776   930
3.83    926
3.747   938
3.812   930
3.659   926
3.653   938
3.669   930
3.8     926
3.721   938
3.953   930
3.711   926
3.626   938
3.774   930
3.865   926
3.824   938
3.981   930
Avg:
4.104   931.3333333333334
Std Dev:
0.054   0.289
