7.374   6136
6.955   6136
6.897   6136
6.801   6136
6.983   6136
6.957   6136
6.864   6136
6.909   6136
8.849   6136
6.884   6136
6.877   6136
6.922   6136
6.866   6136
6.809   6136
6.943   6136
6.81    6136
6.939   6136
6.908   6136
6.871   6136
6.741   6136
6.826   6136
6.901   6136
7.016   6136
7.031   6136
6.877   6136
6.965   6136
6.912   6136
6.928   6136
7.074   6136
6.856   6136
6.802   6136
7.044   6136
6.927   6136
6.874   6136
6.957   6136
8.058   6136
7.754   6136
7.47    6136
7.107   6136
7.419   6136
7.38    6136
6.924   6136
7.065   6136
6.959   6136
6.856   6136
6.89    6136
6.94    6136
7.007   6136
6.86    6136
6.948   6136
7.044   6136
7.961   6136
9.65    6136
8.064   6136
6.951   6136
7.735   6136
8.129   6136
8.076   6136
12.035  6136
9.248   6136
8.093   6136
7.982   6136
7.151   6136
7.985   6136
7.936   6136
8.138   6136
9.486   6136
7.947   6136
6.895   6136
7.946   6136
7.969   6136
11.895  6136
9.306   6136
7.939   6136
6.856   6136
6.841   6136
6.962   6136
6.958   6136
6.879   6136
7.013   6136
6.963   6136
8.034   6136
6.931   6136
7.963   6136
12.312  6136
14.189  6136
8.153   6136
6.983   6136
6.808   6136
6.915   6136
6.84    6136
6.818   6136
6.859   6136
7.035   6136
6.843   6136
6.886   6136
6.832   6136
6.803   6136
6.85    6136
6.802   6136
Avg:
7.487   6136
Std Dev:
0.124   0.0
