27.586  4
26.547  4
26.964  4
27.305  4
26.353  4
26.772  4
27.3    4
26.534  4
26.815  4
27.154  4
26.336  4
26.963  4
27.259  4
26.397  4
26.882  4
27.145  4
26.607  4
26.911  4
27.429  4
26.797  4
26.961  4
27.316  4
28.315  4
28.159  4
27.638  4
26.609  4
26.952  4
27.36   4
26.286  4
26.867  4
27.379  4
26.572  4
27.06   4
27.426  4
26.503  4
27.071  4
27.423  4
26.607  4
26.967  4
27.233  4
26.398  4
26.858  4
27.213  4
26.381  4
26.61   4
27.179  4
26.655  4
26.783  4
27.556  4
26.615  4
26.95   4
27.612  4
26.628  4
26.872  4
27.456  4
26.503  4
27.015  4
27.264  4
26.41   4
26.67   4
27.301  4
26.526  4
26.859  4
27.425  4
26.619  4
27.275  4
27.616  4
26.675  4
27.083  4
27.334  4
26.644  4
27.054  4
27.535  4
26.573  4
27.266  4
27.442  4
26.559  4
27.115  4
27.545  4
26.531  4
27.053  4
27.733  4
26.665  4
27.292  4
27.712  4
26.824  4
27.028  4
27.434  4
26.294  4
26.902  4
27.289  4
26.757  4
27.181  4
28.434  4
26.948  4
27.256  4
27.168  4
26.514  4
26.867  4
27.364  4
26.698  4
27.203  4
27.64   4
27.303  4
27.21   4
27.625  4
27.313  4
28.409  4
30.493  4
30.018  4
29.879  4
27.469  4
29.61   4
28.923  4
31.553  4
29.18   4
28.238  4
28.48   4
28.02   4
27.584  4
27.704  4
26.836  4
26.943  4
27.51   4
27.103  4
27.447  4
27.287  4
26.562  4
27.121  4
27.324  4
26.772  4
27.104  4
27.444  4
26.629  4
27.204  4
27.534  4
26.564  4
26.797  4
27.296  4
26.25   4
26.92   4
27.52   4
26.594  4
27.12   4
27.7    4
27.159  4
27.085  4
27.55   4
26.508  4
27.902  4
32.732  4
31.387  4
31.299  4
31.611  4
30.543  4
32.813  4
31.613  4
30.842  4
31.368  4
31.559  4
30.633  4
27.85   4
28.213  4
30.925  4
31.36   4
29.328  4
32.212  4
31.533  4
31.636  4
30.704  4
31.136  4
32.148  4
32.998  4
39.274  4
46.178  4
39.701  4
36.962  4
31.863  4
30.907  4
31.251  4
35.982  4
30.948  4
31.276  4
31.895  4
29.296  4
27.686  4
29.328  4
31.219  4
31.381  4
31.772  4
30.879  4
31.205  4
31.966  4
30.884  4
30.946  4
34.234  4
36.364  4
36.844  4
31.6    4
31.059  4
31.437  4
32.042  4
31.26   4
28.86   4
31.756  4
30.852  4
31.363  4
32.519  4
30.948  4
31.158  4
46.269  4
44.395  4
44.804  4
46.05   4
39.288  4
36.741  4
31.857  4
30.995  4
31.366  4
28.503  4
26.746  4
27.26   4
27.327  4
26.558  4
27.166  4
27.602  4
26.706  4
27.012  4
27.519  4
26.978  4
27.39   4
28.331  4
26.821  4
26.976  4
31.818  4
29.697  4
28.697  4
27.429  4
26.644  4
26.923  4
29.738  4
30.952  4
31.143  4
30.041  4
26.309  4
27.155  4
31.82   4
30.957  4
31.24   4
32.355  4
40.134  4
43.269  4
46.525  4
37.808  4
52.33   4
31.586  4
30.972  4
31.425  4
27.454  4
26.508  4
26.927  4
27.367  4
26.611  4
27.086  4
27.331  4
26.428  4
26.833  4
27.202  4
26.218  4
26.789  4
27.179  4
26.442  4
26.606  4
27.316  4
26.394  4
26.944  4
27.482  4
26.443  4
26.797  4
27.51   4
26.603  4
26.935  4
27.251  4
26.362  4
26.8    4
27.375  4
26.486  4
26.904  4
27.184  4
26.407  4
26.799  4
27.211  4
26.423  4
26.853  4
27.355  4
26.367  4
26.849  4
27.353  4
26.584  4
26.809  4
Avg:
28.941  4
Std Dev:
0.223   0.0
