6.155   3068
5.911   3068
5.9     3068
5.818   3068
5.954   3068
5.991   3068
5.885   3068
5.923   3068
7.635   3068
5.918   3068
5.902   3068
5.868   3068
5.897   3068
5.849   3068
5.978   3068
5.857   3068
5.965   3068
5.935   3068
5.872   3068
5.781   3068
5.875   3068
5.94    3068
6.036   3068
5.991   3068
5.898   3068
6.0     3068
5.89    3068
5.949   3068
6.019   3068
5.878   3068
5.843   3068
6.05    3068
5.899   3068
5.894   3068
5.867   3068
6.547   3068
6.409   3068
6.175   3068
6.072   3068
6.231   3068
6.212   3068
5.927   3068
5.934   3068
5.824   3068
5.864   3068
5.856   3068
5.957   3068
5.983   3068
5.883   3068
5.951   3068
5.928   3068
6.757   3068
8.27    3068
6.783   3068
5.96    3068
6.637   3068
6.936   3068
6.89    3068
9.448   3068
7.898   3068
6.879   3068
6.777   3068
6.097   3068
6.848   3068
6.8     3068
6.875   3068
8.112   3068
6.799   3068
5.903   3068
6.779   3068
6.832   3068
10.013  3068
7.993   3068
6.778   3068
5.852   3068
5.855   3068
5.948   3068
5.917   3068
5.888   3068
5.966   3068
5.865   3068
6.891   3068
5.912   3068
6.811   3068
9.928   3068
12.318  3068
6.93    3068
5.994   3068
5.863   3068
5.898   3068
5.903   3068
5.875   3068
5.922   3068
6.057   3068
5.896   3068
5.937   3068
5.892   3068
5.859   3068
5.891   3068
5.849   3068
Avg:
6.378   3068
Std Dev:
0.101   0.0
