Time (ms) | Output Size (bytes):
-------------------------------
2.784             1258
2.873             1274
2.85              1266
2.716             1258
2.691             1274
2.656             1266
2.809             1258
2.785             1274
2.793             1266
2.628             1258
2.61              1274
2.622             1266
2.774             1258
2.856             1274
2.924             1266
2.778             1258
2.756             1274
2.72              1266
2.74              1258
2.772             1274
2.743             1266
2.653             1258
2.587             1274
2.57              1266
2.749             1258
2.745             1274
2.742             1266
2.663             1258
2.65              1274
2.641             1266
2.673             1258
2.688             1274
2.714             1266
2.758             1258
2.711             1274
2.684             1266
2.794             1258
2.714             1274
2.652             1266
2.789             1258
2.781             1274
2.73              1266
2.686             1258
2.632             1274
2.635             1266
2.887             1258
2.901             1274
2.868             1266
2.645             1258
2.625             1274
2.758             1266
2.799             1258
2.77              1274
2.754             1266
2.798             1258
2.801             1274
2.769             1266
2.658             1258
2.641             1274
2.626             1266
2.724             1258
2.636             1274
2.636             1266
2.831             1258
3.591             1274
3.583             1266
2.666             1258
2.653             1274
2.666             1266
2.666             1258
2.639             1274
2.629             1266
2.601             1258
2.599             1274
2.59              1266
2.817             1258
2.75              1274
2.66              1266
2.853             1258
2.795             1274
2.723             1266
2.801             1258
2.804             1274
2.802             1266
2.714             1258
2.697             1274
2.711             1266
2.681             1258
2.637             1274
2.638             1266
2.547             1258
2.546             1274
2.585             1266
2.915             1258
2.865             1274
3.267             1266
2.763             1258
2.799             1274
2.762             1266
2.662             1258
2.634             1274
2.625             1266
2.654             1258
2.627             1274
2.627             1266
2.654             1258
2.646             1274
2.654             1266
2.752             1258
2.762             1274
2.728             1266
2.609             1258
2.649             1274
2.709             1266
2.675             1258
2.613             1274
2.601             1266
2.715             1258
2.684             1274
2.693             1266
3.097             1258
3.487             1274
3.412             1266
2.754             1258
2.735             1274
2.738             1266
2.68              1258
2.671             1274
2.689             1266
2.744             1258
2.765             1274
2.741             1266
2.63              1258
2.625             1274
2.652             1266
2.656             1258
2.637             1274
2.618             1266
2.761             1258
2.722             1274
2.723             1266
2.809             1258
2.837             1274
2.787             1266
2.702             1258
2.611             1274
2.584             1266
2.622             1258
2.631             1274
2.594             1266
2.726             1258
2.697             1274
2.697             1266
2.587             1258
2.526             1274
2.543             1266
2.71              1258
2.751             1274
2.747             1266
2.847             1258
2.797             1274
2.792             1266
2.75              1258
2.731             1274
2.717             1266
2.732             1258
2.674             1274
2.649             1266
2.66              1258
2.625             1274
2.637             1266
2.624             1258
2.645             1274
2.596             1266
2.691             1258
2.671             1274
2.672             1266
2.704             1258
2.692             1274
2.714             1266
2.745             1258
2.724             1274
2.723             1266
2.7               1258
2.659             1274
2.686             1266
2.666             1258
2.638             1274
2.667             1266
2.702             1258
2.689             1274
2.707             1266
2.769             1258
2.718             1274
2.74              1266
2.834             1258
2.774             1274
2.772             1266
2.722             1258
2.716             1274
2.723             1266
2.839             1258
2.881             1274
2.784             1266
2.636             1258
2.579             1274
2.599             1266
2.63              1258
2.743             1274
2.706             1266
2.803             1258
2.776             1274
2.774             1266
2.821             1258
2.779             1274
2.783             1266
2.751             1258
2.698             1274
2.648             1266
2.529             1258
2.49              1274
2.564             1266
2.853             1258
2.835             1274
2.866             1266
2.808             1258
2.778             1274
2.749             1266
2.893             1258
2.857             1274
2.826             1266
2.743             1258
2.727             1274
2.77              1266
2.846             1258
2.805             1274
2.75              1266
2.794             1258
2.78              1274
2.81              1266
2.798             1258
2.854             1274
2.766             1266
2.735             1258
2.738             1274
2.765             1266
2.649             1258
2.634             1274
2.639             1266
2.708             1258
2.687             1274
2.674             1266
2.585             1258
2.596             1274
2.588             1266
2.59              1258
2.588             1274
2.568             1266
2.783             1258
2.752             1274
2.774             1266
2.64              1258
2.635             1274
2.635             1266
2.697             1258
2.661             1274
2.66              1266
2.73              1258
2.693             1274
2.675             1266
2.773             1258
2.745             1274
2.737             1266
2.724             1258
2.661             1274
2.626             1266
2.835             1258
2.797             1274
2.788             1266
2.654             1258
2.622             1274
2.639             1266
2.813             1258
2.785             1274
2.804             1266
2.688             1258
2.643             1274
2.615             1266
2.757             1258
2.844             1274
2.787             1266
2.783             1258
2.72              1274
2.748             1266
2.745             1258
2.778             1274
2.735             1266
2.761             1258
2.722             1274
2.762             1266
Average:
2.726             1266
Std Error:
0.007             0.378
