Time (ms) | Output Size (bytes):
-------------------------------
3.459             738
3.374             738
3.285             738
3.364             738
3.406             738
3.362             738
3.367             738
3.285             738
3.247             738
3.262             738
3.327             738
3.25              738
3.296             738
3.253             738
3.248             738
3.201             738
3.155             738
3.17              738
3.33              738
3.287             738
3.302             738
3.303             738
3.24              738
3.22              738
3.194             738
3.158             738
3.145             738
4.048             738
4.028             738
4.118             738
3.308             738
3.294             738
3.216             738
3.263             738
3.31              738
3.289             738
3.331             738
3.299             738
3.329             738
3.203             738
3.145             738
3.143             738
3.17              738
3.149             738
3.213             738
3.504             738
3.351             738
3.295             738
3.291             738
3.179             738
3.12              738
3.162             738
3.109             738
3.12              738
3.322             738
3.222             738
3.266             738
3.515             738
3.575             738
3.486             738
4.022             738
4.141             738
3.859             738
3.266             738
3.286             738
3.264             738
3.188             738
3.149             738
3.129             738
3.264             738
3.357             738
3.335             738
3.321             738
3.268             738
3.23              738
3.079             738
3.032             738
3.057             738
3.236             738
3.317             738
3.26              738
3.081             738
3.064             738
3.038             738
3.387             738
3.356             738
3.269             738
3.291             738
3.244             738
3.229             738
3.234             738
3.199             738
3.188             738
4.138             738
4.047             738
3.729             738
3.396             738
3.342             738
3.289             738
3.293             738
3.252             738
3.236             738
3.41              738
3.538             738
3.356             738
3.267             738
3.227             738
3.208             738
3.216             738
3.2               738
3.177             738
3.291             738
3.215             738
3.183             738
3.131             738
3.09              738
3.086             738
3.219             738
3.216             738
3.189             738
3.162             738
3.226             738
3.228             738
3.245             738
3.198             738
3.16              738
3.246             738
3.208             738
3.301             738
3.332             738
3.3               738
3.305             738
3.353             738
3.301             738
3.283             738
3.301             738
3.229             738
3.269             738
3.277             738
3.336             738
3.192             738
3.217             738
3.154             738
3.139             738
3.301             738
3.244             738
3.361             738
3.274             738
3.284             738
3.354             738
3.244             738
3.2               738
3.219             738
3.273             738
3.203             738
3.203             738
3.21              738
3.242             738
3.243             738
3.365             738
3.422             738
3.447             738
3.334             738
3.312             738
3.261             738
3.085             738
3.022             738
3.039             738
3.233             738
3.194             738
3.176             738
3.082             738
3.047             738
3.058             738
3.23              738
3.259             738
3.3               738
3.167             738
3.26              738
3.193             738
3.125             738
3.157             738
3.14              738
3.274             738
3.324             738
3.289             738
3.138             738
3.091             738
3.135             738
3.356             738
3.373             738
3.323             738
3.981             738
3.306             738
3.273             738
3.258             738
3.165             738
3.263             738
3.26              738
3.15              738
3.16              738
3.285             738
3.226             738
3.236             738
3.119             738
3.101             738
3.075             738
3.311             738
3.29              738
3.327             738
3.249             738
3.303             738
3.273             738
3.277             738
3.205             738
3.199             738
3.308             738
3.282             738
3.391             738
3.359             738
3.341             738
3.362             738
3.135             738
3.09              738
3.139             738
3.196             738
3.189             738
3.139             738
3.219             738
3.158             738
3.157             738
3.259             738
3.204             738
3.179             738
3.141             738
3.097             738
3.137             738
3.341             738
3.261             738
3.279             738
3.169             738
3.207             738
3.149             738
3.263             738
3.176             738
3.113             738
3.41              738
3.281             738
3.414             738
3.319             738
3.277             738
3.258             738
3.262             738
3.22              738
3.192             738
3.328             738
3.323             738
3.248             738
3.283             738
3.212             738
3.343             738
3.228             738
3.195             738
3.181             738
3.305             738
3.25              738
3.214             738
3.288             738
3.27              738
3.23              738
3.257             738
3.227             738
3.293             738
3.322             738
3.345             738
3.361             738
3.389             738
3.304             738
3.244             738
3.187             738
3.204             738
3.179             738
3.229             738
3.221             738
3.259             738
3.283             738
3.231             738
3.191             738
3.474             738
3.341             738
3.336             738
3.305             738
3.268             738
3.187             738
3.273             738
3.222             738
3.238             738
3.352             738
3.269             738
3.238             738
Average:
3.273             738
Std Error:
0.01              0.0
