Time (ms) | Output Size (bytes):
-------------------------------
25.062            2670
20.195            2586
22.424            2622
24.855            2670
19.898            2586
22.354            2622
24.86             2670
20.094            2586
22.868            2622
24.675            2670
20.301            2586
23.294            2622
25.073            2670
20.145            2586
22.417            2622
24.609            2670
19.784            2586
22.393            2622
24.659            2670
19.838            2586
22.25             2622
24.729            2670
19.588            2586
22.193            2622
24.854            2670
19.755            2586
22.495            2622
24.732            2670
19.652            2586
22.329            2622
24.754            2670
19.715            2586
22.401            2622
24.846            2670
19.89             2586
22.443            2622
24.775            2670
19.649            2586
22.207            2622
24.721            2670
19.819            2586
22.163            2622
24.684            2670
19.551            2586
22.343            2622
24.893            2670
19.973            2586
22.529            2622
24.665            2670
19.742            2586
22.359            2622
24.756            2670
19.867            2586
22.286            2622
25.037            2662
19.899            2586
22.347            2622
25.379            2670
19.98             2586
22.368            2622
24.461            2670
19.846            2586
22.511            2622
29.993            2670
23.792            2586
26.276            2622
24.627            2670
19.672            2586
22.34             2622
24.62             2670
19.756            2586
25.336            2622
24.791            2670
20.049            2586
22.422            2622
24.71             2670
19.783            2586
22.152            2622
24.657            2670
20.105            2586
22.616            2622
24.822            2670
19.935            2586
22.456            2622
24.856            2670
19.873            2586
22.326            2622
24.545            2670
19.58             2586
22.242            2622
24.887            2670
19.816            2586
22.652            2622
29.661            2670
19.724            2586
22.577            2622
24.675            2670
19.91             2586
22.294            2622
24.683            2670
19.524            2586
22.377            2622
24.565            2670
19.637            2586
22.279            2622
24.752            2670
19.853            2586
22.39             2622
24.588            2670
19.572            2586
22.556            2622
24.53             2670
19.445            2586
22.101            2622
24.513            2670
19.532            2586
22.346            2622
24.828            2670
19.593            2586
22.355            2622
29.356            2670
23.055            2586
22.62             2622
24.58             2670
19.872            2586
22.495            2622
24.917            2670
19.76             2586
22.319            2622
24.822            2670
19.72             2586
22.556            2622
24.458            2670
19.544            2586
22.269            2622
24.464            2670
19.761            2586
22.394            2622
24.658            2670
19.871            2586
22.408            2622
24.751            2670
19.899            2586
22.295            2622
24.997            2670
19.617            2586
22.214            2622
24.574            2670
19.527            2586
22.281            2622
24.715            2670
19.727            2586
22.414            2622
24.709            2670
19.714            2586
22.318            2622
24.764            2670
19.702            2586
22.407            2622
24.896            2670
19.927            2586
22.346            2622
24.539            2670
19.562            2586
22.232            2622
24.632            2670
19.645            2586
22.14             2622
24.395            2670
19.802            2586
22.248            2622
24.706            2670
19.555            2586
22.008            2622
24.623            2670
19.96             2586
22.249            2622
24.697            2670
19.765            2586
22.074            2622
24.832            2670
19.671            2586
22.299            2622
24.659            2670
19.835            2586
22.094            2622
24.714            2670
19.745            2586
22.632            2622
24.653            2670
19.816            2586
22.5              2622
24.609            2670
19.659            2586
22.404            2622
24.626            2670
19.64             2586
22.215            2622
24.781            2670
19.703            2586
22.344            2622
24.62             2670
19.699            2586
22.32             2622
24.636            2670
19.517            2586
22.202            2622
24.544            2670
19.672            2586
22.366            2622
24.899            2670
19.941            2586
22.307            2622
24.574            2670
19.755            2586
22.219            2622
24.639            2670
19.586            2586
22.357            2622
24.48             2670
19.455            2586
22.128            2622
24.877            2670
19.925            2586
22.36             2622
24.884            2670
19.731            2586
22.272            2622
24.777            2670
19.663            2586
22.207            2622
24.612            2670
19.65             2586
22.46             2622
24.493            2670
19.891            2586
22.589            2622
25.018            2670
19.796            2586
22.516            2622
24.601            2670
19.715            2586
22.163            2622
24.743            2670
19.68             2586
22.134            2622
24.604            2670
19.769            2586
22.119            2622
24.575            2670
19.639            2586
22.157            2622
24.786            2670
19.691            2586
22.3              2622
24.453            2670
19.571            2586
22.191            2622
25.048            2670
20.054            2586
22.791            2622
24.619            2670
19.649            2586
22.254            2622
24.539            2670
19.603            2586
22.13             2622
24.642            2670
19.761            2586
22.286            2622
24.701            2670
19.567            2586
22.282            2622
24.47             2670
19.577            2586
22.295            2622
24.714            2670
19.878            2586
22.342            2622
24.76             2670
19.718            2586
22.302            2622
24.474            2670
19.654            2586
22.35             2622
24.71             2670
19.59             2586
22.255            2622
24.875            2670
19.812            2586
22.286            2622
24.658            2670
20.031            2586
22.588            2622
24.72             2670
19.711            2586
22.441            2622
24.725            2670
19.76             2586
22.27             2622
Average:
22.371            2625.973
Std Error:
0.125             1.988
