Time (ms) | Output Size (bytes):
-------------------------------
25.651            4
24.646            4
25.056            4
25.672            4
24.574            4
25.101            4
25.895            4
24.613            4
24.915            4
25.6              4
25.564            4
25.017            4
25.44             4
24.548            4
24.891            4
25.402            4
24.585            4
25.06             4
25.449            4
24.569            4
24.791            4
25.363            4
24.444            4
24.987            4
25.401            4
24.615            4
25.619            4
25.374            4
24.652            4
25.043            4
25.376            4
24.492            4
25.002            4
27.479            4
27.776            4
28.941            4
25.461            4
24.594            4
24.826            4
25.611            4
25.025            4
24.961            4
25.516            4
24.573            4
24.981            4
25.345            4
24.61             4
24.88             4
25.385            4
24.702            4
24.838            4
25.431            4
24.243            4
25.062            4
25.288            4
24.49             4
24.946            4
25.425            4
24.585            4
25.061            4
25.488            4
24.364            4
24.997            4
26.711            4
24.512            4
25.048            4
25.268            4
24.671            4
24.951            4
26.133            4
24.859            4
24.909            4
25.854            4
24.934            4
25.124            4
25.259            4
24.692            4
25.073            4
25.493            4
24.79             4
24.918            4
25.481            4
24.587            4
24.904            4
25.34             4
24.615            4
24.973            4
25.311            4
24.546            4
25.1              4
26.055            4
27.689            4
25.403            4
25.408            4
24.419            4
24.796            4
25.252            4
24.527            4
24.908            4
25.374            4
24.503            4
25.0              4
25.435            4
24.489            4
24.984            4
25.619            4
24.424            4
25.388            4
25.386            4
24.427            4
24.977            4
25.392            4
24.557            4
24.799            4
25.31             4
24.552            4
24.902            4
25.329            4
24.547            4
28.044            4
25.44             4
24.55             4
24.794            4
25.348            4
24.6              4
24.922            4
26.4              4
24.505            4
24.814            4
25.42             4
24.676            4
25.015            4
25.38             4
24.362            4
25.077            4
25.38             4
24.513            4
25.141            4
25.332            4
25.371            4
27.705            4
25.458            4
24.425            4
24.765            4
25.241            4
24.351            4
24.893            4
25.35             4
24.355            4
24.963            4
25.455            4
24.469            4
25.128            4
25.552            4
24.622            4
25.174            4
25.273            4
24.667            4
24.962            4
25.259            4
24.513            4
24.773            4
25.284            4
24.402            4
24.83             4
25.092            4
24.312            4
24.884            4
25.257            4
24.603            4
24.935            4
25.352            4
24.442            4
24.697            4
25.395            4
24.435            4
24.798            4
25.486            4
24.509            4
24.701            4
25.436            4
24.389            4
24.792            4
25.311            4
24.411            4
24.823            4
25.707            4
24.405            4
25.082            4
25.307            4
24.501            4
25.258            4
25.265            4
24.392            4
24.849            4
25.301            4
24.295            4
24.808            4
25.223            4
24.551            4
24.948            4
25.306            4
24.361            4
24.817            4
25.372            4
24.314            4
24.847            4
25.442            4
24.559            4
24.804            4
25.348            4
24.547            4
24.884            4
25.253            4
24.586            4
24.727            4
25.38             4
24.407            4
24.998            4
25.47             4
24.515            4
24.933            4
25.589            4
24.472            4
24.939            4
25.342            4
24.552            4
24.874            4
25.223            4
24.417            4
24.965            4
25.196            4
24.483            4
24.808            4
25.084            4
24.364            4
24.982            4
25.265            4
24.42             4
24.987            4
25.593            4
24.395            4
24.869            4
25.389            4
24.266            4
24.751            4
25.42             4
24.374            4
24.884            4
25.278            4
24.462            4
24.924            4
25.346            4
24.434            4
24.87             4
25.272            4
24.408            4
24.871            4
28.043            4
29.5              4
29.427            4
25.473            4
24.37             4
24.789            4
25.314            4
24.284            4
24.705            4
25.56             4
24.476            4
24.903            4
25.343            4
24.325            4
24.902            4
25.273            4
24.776            4
25.078            4
25.396            4
24.409            4
24.905            4
25.409            4
24.389            4
24.858            4
25.335            4
24.504            4
24.929            4
25.509            4
24.561            4
24.8              4
25.312            4
24.486            4
24.683            4
25.194            4
24.379            4
24.898            4
25.389            4
24.394            4
24.862            4
25.381            4
24.491            4
24.931            4
Average:
25.066            4
Std Error:
0.041             0.0
