Time (ms) | Output Size (bytes):
-------------------------------
22.337            1382
17.347            1321
19.668            1346
22.259            1382
17.149            1321
19.644            1346
22.073            1382
17.297            1321
20.066            1346
22.151            1382
17.695            1321
20.06             1346
22.315            1382
17.378            1321
19.661            1346
22.027            1382
17.201            1321
19.83             1346
22.02             1382
17.151            1321
19.597            1346
22.211            1382
17.041            1321
19.666            1346
22.15             1382
17.109            1321
19.856            1346
22.168            1382
17.072            1321
19.755            1346
22.147            1382
17.061            1321
19.741            1346
22.217            1382
17.209            1321
19.776            1346
22.215            1382
17.033            1321
19.635            1346
21.989            1382
17.049            1321
19.514            1346
22.137            1382
16.969            1321
19.777            1346
22.101            1382
17.166            1321
19.682            1346
21.991            1382
17.073            1321
19.747            1346
22.093            1382
17.184            1321
19.599            1346
22.277            1378
17.17             1321
19.633            1346
22.73             1382
17.21             1321
19.759            1346
21.815            1382
17.186            1321
19.866            1346
26.901            1382
20.724            1321
23.267            1346
22.099            1382
17.089            1321
19.776            1346
22.088            1382
17.145            1321
22.022            1346
22.279            1382
17.377            1321
19.791            1346
22.156            1382
17.12             1321
19.593            1346
21.997            1382
17.209            1321
19.858            1346
22.121            1382
17.155            1321
19.772            1346
22.264            1382
17.223            1321
19.721            1346
22.003            1382
16.999            1321
19.664            1346
22.383            1382
17.286            1321
20.12             1346
26.19             1382
17.009            1321
19.829            1346
21.949            1382
17.178            1321
19.593            1346
22.136            1382
16.912            1321
19.714            1346
22.01             1382
17.083            1321
19.696            1346
22.199            1382
17.231            1321
19.799            1346
21.951            1382
16.883            1321
19.729            1346
22.024            1382
16.923            1321
19.575            1346
21.99             1382
16.907            1321
19.717            1346
22.159            1382
16.986            1321
19.723            1346
26.194            1382
19.807            1321
19.674            1346
21.923            1382
17.115            1321
19.744            1346
22.204            1382
17.078            1321
19.661            1346
22.168            1382
16.999            1321
19.853            1346
21.934            1382
16.985            1321
19.666            1346
21.925            1382
17.226            1321
19.836            1346
21.971            1382
17.092            1321
19.707            1346
22.056            1382
17.166            1321
19.594            1346
22.504            1382
17.07             1321
19.691            1346
22.066            1382
17.0              1321
19.739            1346
22.111            1382
17.09             1321
19.689            1346
22.191            1382
17.179            1321
19.781            1346
22.207            1382
17.114            1321
19.783            1346
22.164            1382
17.174            1321
19.651            1346
21.905            1382
16.915            1321
19.57             1346
22.077            1382
17.1              1321
19.598            1346
21.874            1382
17.215            1321
19.65             1346
22.194            1382
17.05             1321
19.516            1346
22.036            1382
17.301            1321
19.599            1346
22.038            1382
17.116            1321
19.47             1346
22.189            1382
16.997            1321
19.632            1346
22.037            1382
17.147            1321
19.481            1346
22.182            1382
17.09             1321
20.031            1346
22.077            1382
17.165            1321
19.821            1346
22.011            1382
17.018            1321
19.764            1346
21.988            1382
16.981            1321
19.567            1346
22.066            1382
16.989            1321
19.659            1346
21.917            1382
16.981            1321
19.57             1346
22.129            1382
16.925            1321
19.586            1346
21.962            1382
17.02             1321
19.798            1346
22.194            1382
17.16             1321
19.592            1346
21.892            1382
17.05             1321
19.53             1346
22.066            1382
16.993            1321
19.734            1346
22.037            1382
16.99             1321
19.656            1346
22.067            1382
17.147            1321
19.585            1346
22.239            1382
16.966            1321
19.592            1346
22.092            1382
16.929            1321
19.522            1346
21.911            1382
16.98             1321
19.773            1346
21.849            1382
17.126            1321
19.861            1346
22.289            1382
17.087            1321
19.769            1346
21.921            1382
17.005            1321
19.472            1346
22.063            1382
17.054            1321
19.526            1346
22.081            1382
17.158            1321
19.573            1346
21.974            1382
17.024            1321
19.543            1346
22.264            1382
17.023            1321
19.719            1346
21.931            1382
17.071            1321
19.685            1346
22.348            1382
17.265            1321
19.956            1346
22.091            1382
16.996            1321
19.685            1346
21.987            1382
17.046            1321
19.569            1346
22.04             1382
17.11             1321
19.665            1346
22.069            1382
16.905            1321
19.646            1346
21.93             1382
16.991            1321
19.619            1346
21.962            1382
17.182            1321
19.627            1346
22.089            1382
17.149            1321
19.658            1346
21.812            1382
16.933            1321
19.662            1346
22.188            1382
17.069            1321
19.731            1346
22.223            1382
17.14             1321
19.575            1346
22.021            1382
17.346            1321
19.865            1346
22.086            1382
17.048            1321
19.791            1346
22.055            1382
17.044            1321
19.628            1346
Average:
19.715            1349.653
Std Error:
0.124             1.447
