Time (ms) | Output Size (bytes):
-------------------------------
1.22              453
1.212             453
1.125             453
1.115             453
1.155             453
1.119             453
1.104             453
1.127             453
1.11              453
1.119             453
1.096             453
1.113             453
1.111             453
1.095             453
1.088             453
1.148             453
1.118             453
1.151             453
1.102             453
1.085             453
1.1               453
1.135             453
1.088             453
1.075             453
1.116             453
1.087             453
1.09              453
1.345             453
1.365             453
1.45              453
1.09              453
1.134             453
1.103             453
1.096             453
1.143             453
1.119             453
1.117             453
1.096             453
1.126             453
1.114             453
1.088             453
1.086             453
1.095             453
1.094             453
1.143             453
1.251             453
1.103             453
1.091             453
1.104             453
1.101             453
1.065             453
1.112             453
1.087             453
1.091             453
1.139             453
1.105             453
1.139             453
1.187             453
1.228             453
1.135             453
1.357             453
1.427             453
1.244             453
1.101             453
1.114             453
1.103             453
1.121             453
1.076             453
1.071             453
1.102             453
1.092             453
1.129             453
1.121             453
1.1               453
1.084             453
1.13              453
1.104             453
1.125             453
1.1               453
1.184             453
1.114             453
1.093             453
1.09              453
1.075             453
1.102             453
1.138             453
1.107             453
1.119             453
1.091             453
1.08              453
1.092             453
1.086             453
1.087             453
1.485             453
1.441             453
1.321             453
1.153             453
1.123             453
1.082             453
1.106             453
1.101             453
1.087             453
1.162             453
1.106             453
1.137             453
1.116             453
1.1               453
1.091             453
1.09              453
1.076             453
1.072             453
1.142             453
1.094             453
1.08              453
1.097             453
1.081             453
1.09              453
1.095             453
1.125             453
1.089             453
1.094             453
1.095             453
1.121             453
1.163             453
1.106             453
1.093             453
1.112             453
1.115             453
1.165             453
1.115             453
1.098             453
1.094             453
1.122             453
1.093             453
1.082             453
1.103             453
1.082             453
1.068             453
1.136             453
1.128             453
1.09              453
1.136             453
1.091             453
1.087             453
1.109             453
1.07              453
1.188             453
1.111             453
1.093             453
1.134             453
1.111             453
1.086             453
1.104             453
1.11              453
1.093             453
1.109             453
1.092             453
1.124             453
1.104             453
1.106             453
1.09              453
1.127             453
1.103             453
1.083             453
1.078             453
1.096             453
1.064             453
1.084             453
1.108             453
1.076             453
1.093             453
1.096             453
1.079             453
1.086             453
1.099             453
1.075             453
1.112             453
1.101             453
1.172             453
1.098             453
1.106             453
1.088             453
1.112             453
1.102             453
1.147             453
1.111             453
1.116             453
1.081             453
1.078             453
1.105             453
1.086             453
1.091             453
1.315             453
1.082             453
1.072             453
1.129             453
1.105             453
1.202             453
1.153             453
1.104             453
1.107             453
1.1               453
1.074             453
1.093             453
1.107             453
1.085             453
1.069             453
1.102             453
1.089             453
1.09              453
1.103             453
1.17              453
1.127             453
1.14              453
1.093             453
1.087             453
1.109             453
1.095             453
1.163             453
1.104             453
1.085             453
1.089             453
1.11              453
1.082             453
1.083             453
1.091             453
1.13              453
1.072             453
1.114             453
1.086             453
1.095             453
1.113             453
1.102             453
1.085             453
1.124             453
1.09              453
1.077             453
1.16              453
1.092             453
1.079             453
1.091             453
1.098             453
1.089             453
1.199             453
1.138             453
1.089             453
1.179             453
1.083             453
1.192             453
1.141             453
1.101             453
1.09              453
1.101             453
1.096             453
1.104             453
1.166             453
1.143             453
1.095             453
1.12              453
1.094             453
1.079             453
1.105             453
1.087             453
1.082             453
1.116             453
1.133             453
1.084             453
1.115             453
1.123             453
1.086             453
1.088             453
1.081             453
1.107             453
1.105             453
1.08              453
1.141             453
1.237             453
1.131             453
1.106             453
1.102             453
1.106             453
1.101             453
1.113             453
1.08              453
1.089             453
1.147             453
1.102             453
1.102             453
1.112             453
1.087             453
1.084             453
1.146             453
1.148             453
1.081             453
1.088             453
1.076             453
1.082             453
1.171             453
1.094             453
1.087             453
Average:
1.117             453
Std Error:
0.003             0.0
