Time (ms) | Output Size (bytes):
-------------------------------
0.268             485
0.262             497
0.275             489
0.257             485
0.253             497
0.254             489
0.264             485
0.258             497
0.261             489
0.261             485
0.263             497
0.253             489
0.258             485
0.252             497
0.252             489
0.258             485
0.269             497
0.261             489
0.291             485
0.256             497
0.258             489
0.259             485
0.269             497
0.252             489
0.258             485
0.248             497
0.265             489
0.26              485
0.256             497
0.269             489
0.287             485
0.252             497
0.266             489
0.258             485
0.254             497
0.271             489
0.262             485
0.266             497
0.278             489
0.259             485
0.256             497
0.256             489
0.281             485
0.248             497
0.25              489
0.274             485
0.249             497
0.259             489
0.261             485
0.254             497
0.266             489
0.252             485
0.258             497
0.265             489
0.281             485
0.265             497
0.259             489
0.269             485
0.261             497
0.253             489
0.267             485
0.256             497
0.269             489
0.259             485
0.252             497
0.267             489
0.261             485
0.261             497
0.263             489
0.252             485
0.263             497
0.251             489
0.259             485
0.247             497
0.252             489
0.281             485
0.262             497
0.265             489
0.256             485
0.266             497
0.262             489
0.26              485
0.278             497
0.252             489
0.257             485
0.254             497
0.263             489
0.258             485
0.27              497
0.255             489
0.255             485
0.248             497
0.265             489
0.264             485
0.263             497
0.251             489
0.253             485
0.261             497
0.253             489
0.273             485
0.263             497
0.252             489
0.281             485
0.283             497
0.278             489
0.253             485
0.265             497
0.257             489
0.272             485
0.252             497
0.254             489
0.27              485
0.266             497
0.267             489
0.265             485
0.25              497
0.273             489
0.257             485
0.251             497
0.272             489
0.255             485
0.259             497
0.267             489
0.261             485
0.253             497
0.262             489
0.262             485
0.281             497
0.255             489
0.262             485
0.259             497
0.255             489
0.267             485
0.276             497
0.264             489
0.271             485
0.264             497
0.259             489
0.252             485
0.245             497
0.255             489
0.255             485
0.253             497
0.271             489
0.253             485
0.261             497
0.256             489
0.278             485
0.262             497
0.259             489
0.261             485
0.25              497
0.252             489
0.25              485
0.254             497
0.273             489
0.256             485
0.251             497
0.258             489
0.263             485
0.278             497
0.271             489
0.265             485
0.252             497
0.28              489
0.259             485
0.252             497
0.272             489
0.257             485
0.249             497
0.257             489
0.256             485
0.267             497
0.261             489
0.27              485
0.261             497
0.253             489
0.256             485
0.255             497
0.255             489
0.252             485
0.252             497
0.262             489
0.278             485
0.256             497
0.253             489
0.257             485
0.254             497
0.25              489
0.273             485
0.253             497
0.271             489
0.257             485
0.259             497
0.262             489
0.262             485
0.262             497
0.254             489
0.26              485
0.264             497
0.257             489
0.264             485
0.257             497
0.262             489
0.256             485
0.253             497
0.262             489
0.252             485
0.257             497
0.257             489
0.266             485
0.27              497
0.262             489
0.261             485
0.267             497
0.255             489
0.257             485
0.261             497
0.256             489
0.271             485
0.256             497
0.256             489
0.266             485
0.253             497
0.257             489
0.258             485
0.257             497
0.265             489
0.257             485
0.268             497
0.257             489
0.262             485
0.278             497
0.262             489
0.26              485
0.264             497
0.259             489
0.254             485
0.265             497
0.251             489
0.256             485
0.258             497
0.259             489
0.264             485
0.259             497
0.253             489
0.256             485
0.256             497
0.26              489
0.261             485
0.255             497
0.256             489
0.262             485
0.256             497
0.259             489
0.255             485
0.25              497
0.261             489
0.277             485
0.26              497
0.262             489
0.261             485
0.269             497
0.255             489
0.273             485
0.254             497
0.252             489
0.263             485
0.265             497
0.264             489
0.288             485
0.267             497
0.26              489
0.265             485
0.253             497
0.258             489
0.276             485
0.269             497
0.256             489
0.273             485
0.276             497
0.242             489
0.261             485
0.259             497
0.264             489
0.262             485
0.278             497
0.257             489
0.273             485
0.252             497
0.249             489
0.283             485
0.27              497
0.251             489
0.264             485
0.256             497
0.266             489
0.277             485
0.26              497
0.256             489
Average:
0.261             490.333
Std Error:
0.0               0.289
