Time (ms) | Output Size (bytes):
-------------------------------
1.305             410
1.412             422
1.367             414
1.308             410
1.276             422
1.355             414
1.346             410
1.301             422
1.308             414
1.346             410
1.312             422
1.384             414
1.338             410
1.313             422
1.4               414
1.303             410
1.384             422
1.35              414
1.322             410
1.31              422
1.355             414
1.295             410
1.299             422
1.453             414
1.399             410
1.38              422
1.338             414
1.442             410
1.322             422
1.403             414
1.289             410
1.338             422
1.351             414
1.315             410
1.303             422
1.382             414
1.348             410
1.282             422
1.347             414
1.316             410
1.298             422
1.305             414
1.317             410
1.295             422
1.335             414
1.328             410
1.432             422
1.35              414
1.304             410
1.3               422
1.401             414
1.344             410
1.314             422
1.338             414
1.368             410
1.34              422
1.42              414
1.335             410
1.333             422
1.324             414
1.364             410
1.311             422
1.33              414
1.347             410
1.369             422
1.346             414
1.343             410
1.309             422
1.422             414
1.351             410
1.299             422
1.381             414
1.375             410
1.316             422
1.317             414
1.324             410
1.399             422
1.329             414
1.333             410
1.296             422
1.314             414
1.451             410
1.327             422
1.387             414
1.369             410
1.368             422
1.343             414
1.317             410
1.347             422
1.348             414
1.36              410
1.299             422
1.329             414
1.315             410
1.345             422
1.407             414
1.409             410
1.305             422
1.353             414
1.329             410
1.292             422
1.429             414
1.655             410
1.403             422
1.398             414
1.422             410
1.364             422
1.32              414
1.326             410
1.307             422
1.339             414
1.399             410
1.334             422
1.386             414
1.307             410
1.306             422
1.319             414
1.346             410
1.385             422
1.338             414
1.354             410
1.295             422
1.32              414
1.309             410
1.314             422
1.333             414
1.355             410
1.32              422
1.339             414
1.289             410
1.346             422
1.316             414
1.353             410
1.352             422
1.357             414
1.342             410
1.3               422
1.391             414
1.345             410
1.307             422
1.371             414
1.307             410
1.315             422
1.326             414
1.338             410
1.318             422
1.342             414
1.31              410
1.268             422
1.358             414
1.287             410
1.302             422
1.308             414
1.36              410
1.303             422
1.314             414
1.34              410
1.349             422
1.352             414
1.327             410
1.291             422
1.331             414
1.299             410
1.322             422
1.306             414
1.364             410
1.33              422
1.35              414
1.317             410
1.301             422
1.308             414
1.315             410
1.312             422
1.316             414
1.314             410
1.314             422
1.379             414
1.32              410
1.379             422
1.368             414
1.302             410
1.306             422
1.34              414
1.35              410
1.293             422
1.346             414
1.36              410
1.301             422
1.351             414
1.305             410
1.315             422
1.375             414
1.368             410
1.343             422
1.334             414
1.341             410
1.305             422
1.384             414
1.286             410
1.29              422
1.328             414
1.338             410
1.356             422
1.347             414
1.351             410
1.32              422
1.299             414
1.32              410
1.316             422
1.349             414
1.314             410
1.374             422
1.352             414
1.301             410
1.3               422
1.452             414
1.359             410
1.324             422
1.366             414
1.378             410
1.29              422
1.321             414
1.347             410
1.321             422
1.406             414
1.296             410
1.322             422
1.35              414
1.487             410
1.337             422
1.338             414
1.322             410
1.346             422
1.338             414
1.349             410
1.298             422
1.332             414
1.321             410
1.314             422
1.393             414
1.312             410
1.307             422
1.338             414
1.358             410
1.331             422
1.319             414
1.325             410
1.324             422
1.385             414
1.361             410
1.308             422
1.359             414
1.346             410
1.338             422
1.385             414
1.336             410
1.348             422
1.328             414
1.348             410
1.318             422
1.374             414
1.353             410
1.347             422
1.321             414
1.326             410
1.28              422
1.337             414
1.441             410
1.32              422
1.329             414
1.325             410
1.306             422
1.337             414
1.323             410
1.285             422
1.384             414
1.32              410
1.291             422
1.328             414
1.349             410
1.325             422
1.292             414
1.343             410
1.31              422
1.375             414
1.333             410
1.311             422
1.331             414
1.308             410
1.313             422
1.306             414
1.393             410
1.329             422
1.354             414
1.344             410
1.343             422
1.426             414
1.334             410
1.281             422
1.339             414
Average:
1.339             415.333
Std Error:
0.002             0.289
