Time (ms) | Output Size (bytes):
-------------------------------
0.654             210
0.529             210
0.533             210
6.252             576
4.728             454
5.257             515
0.529             210
0.588             210
0.541             210
6.27              576
4.645             454
5.278             515
0.543             210
0.517             210
0.574             210
6.142             576
4.677             454
5.563             515
0.54              210
0.528             210
0.559             210
6.175             576
5.146             454
5.373             515
0.552             210
0.539             210
0.526             210
6.233             576
4.761             454
5.415             515
0.526             210
0.532             210
0.53              210
6.158             576
4.684             454
5.513             515
0.537             210
0.53              210
0.56              210
6.169             576
4.696             454
5.315             515
0.536             210
0.54              210
0.554             210
6.231             576
4.611             454
5.407             515
0.531             210
0.527             210
0.57              210
6.176             576
4.637             454
5.446             515
0.535             210
0.54              210
0.545             210
6.173             576
4.593             454
5.387             515
0.539             210
0.533             210
0.522             210
6.196             576
4.614             454
5.426             515
0.541             210
0.519             210
0.58              210
6.288             576
4.67              454
5.439             515
0.592             210
0.531             210
0.535             210
6.354             576
4.55              454
5.314             515
0.526             210
0.555             210
0.542             210
6.137             576
4.586             454
5.305             515
0.545             210
0.529             210
0.576             210
6.127             576
4.561             454
5.548             515
0.531             210
0.527             210
0.538             210
6.178             576
4.69              454
5.377             515
0.537             210
0.538             210
0.521             210
6.155             576
4.667             454
5.43              515
0.531             210
0.522             210
0.55              210
6.114             576
4.682             454
5.331             515
0.549             210
0.534             210
0.524             210
6.311             572
4.653             454
5.351             515
0.572             210
0.547             210
0.539             210
6.363             576
4.653             454
5.395             515
0.56              210
0.538             210
0.534             210
6.099             576
4.732             454
5.41              515
0.534             210
0.603             210
0.526             210
6.938             576
5.687             454
6.701             515
0.538             210
0.526             210
0.541             210
6.168             576
4.602             454
5.448             515
0.541             210
0.53              210
0.531             210
6.214             576
4.566             454
5.705             515
0.567             210
0.522             210
0.518             210
6.18              576
4.694             454
5.423             515
0.521             210
0.52              210
0.555             210
6.202             576
4.644             454
5.347             515
0.519             210
0.535             210
0.532             210
6.155             576
4.707             454
5.482             515
0.607             210
0.541             210
0.535             210
6.268             576
4.625             454
5.505             515
0.539             210
0.532             210
0.521             210
6.324             576
4.742             454
5.359             515
0.533             210
0.526             210
0.552             210
6.136             576
4.609             454
5.291             515
0.533             210
0.544             210
0.52              210
6.319             576
4.735             454
5.549             515
0.529             210
0.746             210
0.562             210
7.501             576
4.639             454
5.431             515
0.535             210
0.545             210
0.516             210
6.012             576
4.606             454
5.284             515
0.546             210
0.532             210
0.558             210
6.144             576
4.558             454
5.401             515
0.534             210
0.533             210
0.523             210
6.137             576
4.588             454
5.482             515
0.532             210
0.527             210
0.529             210
6.221             576
4.692             454
5.464             515
0.565             210
0.528             210
0.521             210
6.108             576
4.528             454
5.422             515
0.545             210
0.587             210
0.531             210
6.186             576
4.526             454
5.339             515
0.535             210
0.52              210
0.543             210
6.106             576
4.594             454
5.393             515
0.537             210
0.535             210
0.53              210
6.227             576
4.599             454
5.365             515
0.541             210
0.52              210
0.6               210
7.35              576
5.88              454
5.403             515
0.549             210
0.536             210
0.513             210
6.073             576
4.652             454
5.393             515
0.546             210
0.527             210
0.524             210
6.247             576
4.576             454
5.311             515
0.524             210
0.515             210
0.53              210
6.2               576
4.565             454
5.482             515
0.533             210
0.532             210
0.554             210
6.057             576
4.567             454
5.358             515
0.521             210
0.534             210
0.517             210
6.074             576
4.681             454
5.482             515
0.515             210
0.542             210
0.529             210
6.169             576
4.67              454
5.434             515
0.59              210
0.548             210
0.551             210
6.142             576
4.645             454
5.295             515
0.544             210
0.542             210
0.541             210
6.595             576
4.627             454
5.409             515
0.538             210
0.539             210
0.532             210
6.188             576
4.582             454
5.446             515
0.551             210
0.526             210
0.52              210
6.161             576
4.685             454
5.289             515
0.545             210
0.546             210
0.53              210
6.166             576
4.593             454
5.4               515
0.537             210
0.538             210
0.534             210
6.13              576
4.618             454
5.431             515
0.609             210
0.517             210
0.538             210
6.181             576
4.688             454
5.418             515
0.534             210
0.517             210
0.518             210
6.132             576
4.526             454
5.314             515
0.542             210
0.537             210
0.519             210
6.207             576
4.642             454
5.425             515
0.608             210
0.523             210
0.523             210
6.069             576
4.683             454
5.331             515
0.523             210
0.524             210
0.519             210
6.209             576
4.62              454
5.273             515
0.574             210
0.535             210
0.533             210
6.232             576
4.604             454
5.358             515
0.528             210
0.543             210
0.534             210
6.176             576
4.595             454
5.243             515
0.512             210
0.531             210
0.527             210
6.291             576
4.638             454
5.337             515
0.568             210
0.522             210
0.53              210
6.113             576
4.581             454
5.257             515
0.544             210
0.526             210
0.523             210
6.222             576
4.685             454
5.715             515
0.562             210
0.512             210
0.533             210
6.191             576
4.689             454
5.61              515
0.531             210
0.534             210
0.617             210
6.172             576
4.658             454
5.437             515
0.549             210
0.515             210
0.587             210
6.084             576
4.541             454
5.349             515
0.524             210
0.559             210
0.531             210
6.137             576
4.566             454
5.491             515
0.519             210
0.53              210
0.528             210
6.099             576
4.648             454
5.355             515
0.531             210
0.516             210
0.518             210
6.176             576
4.596             454
5.299             515
0.541             210
0.531             210
0.529             210
6.124             576
4.567             454
5.44              515
0.563             210
0.526             210
0.529             210
6.222             576
4.687             454
5.348             515
0.575             210
0.534             210
0.507             210
6.044             576
4.672             454
5.253             515
0.571             210
0.517             210
0.548             210
6.175             576
4.622             454
5.446             515
0.549             210
0.53              210
0.529             210
6.175             576
4.57              454
5.435             515
0.54              210
0.574             210
0.559             210
6.203             576
4.718             454
5.348             515
0.548             210
0.536             210
0.524             210
6.41              576
4.575             454
5.389             515
0.523             210
0.535             210
0.527             210
6.198             576
4.561             454
5.318             515
0.538             210
0.592             210
0.536             210
6.029             576
4.622             454
5.426             515
0.528             210
0.522             210
0.547             210
6.055             576
4.63              454
5.486             515
0.547             210
0.573             210
0.512             210
6.276             576
4.685             454
5.438             515
0.526             210
0.53              210
0.521             210
6.11              576
4.553             454
5.282             515
0.564             210
0.531             210
0.528             210
6.166             576
4.676             454
5.313             515
0.56              210
0.535             210
0.53              210
6.227             576
4.616             454
5.398             515
0.546             210
0.53              210
0.526             210
6.106             576
4.648             454
5.349             515
0.535             210
0.521             210
0.523             210
6.294             576
4.621             454
5.455             515
0.531             210
0.579             210
0.528             210
6.036             576
4.732             454
5.433             515
0.536             210
0.521             210
0.538             210
6.289             576
4.661             454
5.572             515
0.533             210
0.546             210
0.52              210
6.192             576
4.654             454
5.352             515
0.543             210
0.564             210
0.514             210
6.16              576
4.67              454
5.323             515
0.53              210
0.52              210
0.515             210
6.204             576
4.57              454
5.342             515
0.554             210
0.551             210
0.52              210
6.147             576
4.535             454
5.443             515
0.523             210
0.522             210
0.538             210
6.15              576
4.465             454
5.322             515
0.551             210
0.525             210
0.585             210
6.179             576
4.653             454
5.408             515
0.533             210
0.535             210
0.568             210
6.242             576
4.762             454
5.356             515
0.527             210
0.556             210
0.511             210
6.065             576
4.508             454
5.415             515
0.555             210
0.538             210
0.524             210
6.272             576
4.642             454
5.442             515
0.564             210
0.533             210
0.52              210
6.32              576
4.683             454
5.355             515
0.535             210
0.577             210
0.515             210
6.147             576
4.727             454
5.397             515
0.536             210
0.575             210
0.53              210
6.206             576
4.55              454
5.455             515
0.553             210
0.549             210
0.527             210
6.12              576
4.674             454
5.416             515
Average:
2.984             362.493
Std Error:
0.102             6.395
