Time (ms) | Output Size (bytes):
-------------------------------
0.74              4
0.821             4
0.798             4
6.789             4
5.208             4
6.123             4
0.765             4
0.757             4
0.772             4
6.748             4
5.355             4
6.13              4
0.775             4
0.748             4
0.736             4
6.706             4
5.187             4
6.04              4
0.765             4
0.759             4
0.803             4
6.861             4
5.347             4
5.98              4
0.752             4
0.768             4
0.805             4
6.675             4
5.156             4
6.058             4
0.759             4
0.827             4
0.77              4
6.598             4
5.2               4
6.064             4
0.765             4
0.781             4
0.767             4
6.764             4
5.219             4
5.918             4
0.733             4
0.739             4
0.843             4
6.703             4
5.281             4
6.064             4
0.828             4
0.776             4
0.759             4
6.882             4
5.319             4
5.889             4
0.774             4
0.776             4
0.817             4
6.673             4
5.254             4
6.085             4
0.727             4
0.768             4
0.767             4
6.792             4
5.315             4
6.067             4
0.754             4
0.768             4
0.803             4
6.714             4
5.299             4
6.032             4
0.798             4
0.751             4
0.78              4
6.785             4
5.238             4
5.922             4
0.741             4
0.775             4
0.747             4
6.645             4
5.186             4
5.919             4
0.767             4
0.761             4
0.764             4
6.778             4
5.363             4
5.962             4
0.759             4
0.867             4
0.769             4
6.624             4
5.201             4
5.997             4
0.732             4
0.749             4
0.803             4
6.572             4
5.333             4
6.155             4
0.767             4
0.765             4
0.757             4
6.94              4
5.374             4
6.008             4
0.781             4
0.779             4
0.818             4
6.96              4
5.369             4
6.051             4
0.76              4
0.768             4
0.756             4
6.632             4
5.228             4
5.937             4
0.754             4
0.752             4
0.74              4
6.827             4
5.314             4
6.021             4
0.777             4
0.808             4
0.76              4
6.792             4
5.207             4
5.959             4
0.757             4
0.742             4
0.818             4
6.693             4
5.216             4
6.013             4
0.776             4
0.763             4
0.809             4
6.678             4
5.212             4
6.088             4
0.812             4
0.778             4
0.754             4
6.591             4
5.302             4
6.045             4
0.772             4
0.841             4
0.751             4
6.857             4
5.224             4
6.034             4
0.771             4
0.768             4
0.755             4
6.858             4
5.248             4
5.884             4
0.861             4
0.776             4
0.805             4
6.855             4
5.366             4
6.114             4
0.804             4
0.799             4
0.771             4
6.698             4
5.311             4
6.052             4
0.752             4
0.787             4
0.768             4
6.706             4
5.188             4
5.996             4
0.797             4
0.756             4
0.762             4
6.852             4
5.151             4
5.883             4
0.76              4
0.791             4
0.788             4
6.677             4
5.401             4
5.936             4
0.811             4
0.766             4
0.773             4
6.64              4
5.274             4
5.994             4
0.76              4
0.745             4
0.833             4
6.658             4
7.646             4
6.301             4
1.09              4
0.847             4
0.784             4
6.959             4
5.458             4
5.932             4
0.854             4
0.781             4
0.774             4
6.86              4
5.378             4
5.869             4
0.75              4
0.759             4
0.745             4
6.681             4
5.293             4
6.105             4
0.81              4
0.77              4
0.771             4
6.794             4
5.279             4
6.013             4
0.764             4
0.756             4
0.751             4
6.67              4
5.308             4
6.097             4
0.787             4
0.796             4
0.764             4
6.816             4
5.434             4
5.965             4
0.748             4
0.749             4
0.757             4
6.817             4
5.227             4
6.003             4
0.743             4
0.772             4
0.762             4
6.712             4
5.235             4
7.476             4
0.786             4
0.777             4
0.777             4
6.64              4
5.147             4
6.006             4
0.73              4
0.768             4
0.743             4
7.238             4
5.2               4
6.095             4
0.787             4
0.785             4
0.774             4
6.691             4
5.208             4
6.071             4
0.766             4
0.743             4
0.803             4
6.704             4
5.348             4
6.019             4
0.766             4
0.762             4
0.793             4
6.729             4
5.18              4
5.95              4
0.74              4
0.747             4
0.744             4
6.77              4
5.286             4
6.094             4
0.782             4
0.759             4
0.772             4
6.792             4
5.285             4
6.05              4
0.735             4
0.726             4
0.771             4
6.833             4
5.209             4
6.018             4
0.747             4
0.739             4
0.741             4
6.742             4
5.229             4
5.939             4
0.78              4
0.743             4
0.761             4
6.723             4
5.265             4
5.944             4
0.8               4
0.785             4
0.747             4
6.853             4
5.185             4
7.531             4
0.767             4
0.745             4
0.754             4
6.702             4
5.322             4
6.082             4
0.737             4
0.748             4
0.753             4
6.622             4
5.232             4
5.914             4
0.789             4
0.789             4
0.768             4
6.783             4
5.274             4
5.985             4
0.756             4
0.745             4
0.737             4
6.828             4
5.158             4
6.065             4
0.755             4
0.765             4
0.755             4
6.708             4
5.299             4
6.06              4
0.742             4
0.742             4
0.783             4
6.885             4
5.216             4
5.747             4
0.757             4
0.804             4
0.79              4
6.611             4
5.244             4
5.956             4
0.745             4
0.775             4
0.77              4
6.653             4
5.32              4
5.959             4
0.772             4
0.758             4
0.78              4
6.717             4
5.311             4
5.89              4
0.769             4
0.74              4
0.786             4
6.7               4
5.258             4
6.065             4
0.746             4
0.767             4
0.764             4
6.674             4
5.31              4
6.879             4
0.783             4
0.792             4
0.777             4
6.739             4
5.31              4
5.974             4
0.771             4
0.748             4
0.81              4
6.704             4
5.259             4
6.0               4
0.753             4
0.764             4
0.751             4
6.812             4
5.138             4
6.097             4
0.754             4
0.804             4
0.766             4
6.87              4
5.286             4
5.997             4
0.797             4
0.768             4
0.743             4
6.673             4
5.306             4
6.136             4
0.774             4
0.769             4
0.782             4
6.658             4
5.128             4
6.114             4
0.741             4
0.811             4
0.753             4
6.685             4
5.285             4
6.081             4
0.747             4
0.731             4
0.816             4
6.876             4
5.222             4
6.047             4
0.787             4
0.754             4
0.796             4
6.825             4
5.469             4
6.077             4
0.793             4
0.747             4
0.75              4
6.761             4
5.204             4
6.014             4
0.803             4
0.749             4
0.808             4
6.749             4
5.17              4
7.951             4
0.729             4
0.773             4
0.771             4
6.77              4
5.263             4
5.958             4
0.884             4
0.778             4
0.769             4
6.727             4
5.533             4
5.984             4
0.746             4
0.762             4
0.764             4
6.689             4
5.196             4
5.85              4
0.765             4
0.756             4
0.753             4
6.682             4
5.322             4
6.05              4
0.771             4
0.779             4
0.797             4
6.773             4
5.249             4
6.057             4
0.744             4
0.761             4
0.772             4
6.638             4
5.197             4
6.072             4
0.796             4
0.79              4
0.762             4
6.65              4
5.233             4
5.979             4
0.752             4
0.782             4
0.805             4
6.896             4
5.33              4
6.13              4
0.789             4
0.777             4
0.787             4
6.729             4
5.207             4
5.987             4
0.761             4
0.779             4
0.799             4
6.676             4
5.324             4
5.853             4
0.774             4
0.806             4
0.777             4
6.921             4
5.29              4
7.272             4
0.796             4
0.782             4
0.802             4
6.838             4
5.354             4
6.032             4
0.797             4
0.776             4
0.765             4
6.707             4
5.33              4
5.939             4
0.759             4
0.738             4
0.748             4
6.711             4
5.277             4
5.981             4
0.843             4
0.764             4
0.74              4
6.8               4
5.36              4
6.037             4
0.751             4
0.751             4
0.76              4
6.724             4
5.246             4
5.981             4
0.748             4
0.762             4
0.809             4
6.773             4
5.301             4
5.962             4
0.754             4
0.759             4
0.756             4
6.798             4
5.256             4
5.954             4
0.78              4
0.772             4
0.744             4
6.824             4
5.192             4
5.965             4
0.766             4
0.763             4
0.776             4
6.763             4
5.307             4
6.022             4
0.772             4
0.756             4
0.765             4
6.764             4
5.312             4
5.903             4
0.761             4
0.781             4
0.752             4
6.579             4
5.281             4
7.502             4
0.799             4
0.789             4
0.768             4
6.856             4
5.31              4
5.955             4
0.77              4
0.798             4
0.826             4
6.674             4
5.266             4
5.985             4
0.765             4
0.746             4
0.759             4
6.7               4
5.45              4
5.969             4
Average:
3.41              4
Std Error:
0.109             0.0
