Time (ms) | Output Size (bytes):
-------------------------------
3.875             926
3.943             938
3.938             930
3.762             926
3.798             938
3.779             930
4.009             926
3.878             938
3.854             930
3.738             926
3.667             938
3.634             930
3.812             926
3.834             938
3.802             930
3.833             926
3.776             938
3.711             930
3.905             926
3.836             938
3.822             930
3.723             926
3.629             938
3.674             930
3.803             926
3.803             938
3.74              930
3.778             926
3.69              938
3.711             930
3.788             926
3.803             938
3.768             930
3.816             926
3.711             938
3.781             930
3.744             926
3.812             938
3.768             930
3.819             926
3.939             938
3.806             930
3.78              926
3.757             938
3.736             930
3.939             926
3.911             938
3.907             930
3.739             926
3.714             938
3.718             930
3.77              926
3.759             938
3.931             930
3.869             926
3.812             938
3.864             930
3.716             926
3.712             938
3.766             930
3.793             926
3.67              938
3.758             930
4.712             926
4.746             938
4.329             930
3.791             926
3.759             938
3.86              930
3.785             926
3.683             938
3.717             930
3.69              926
3.622             938
3.707             930
3.737             926
3.65              938
3.742             930
3.836             926
3.781             938
3.825             930
3.845             926
3.872             938
3.906             930
3.739             926
3.71              938
3.852             930
3.765             926
3.698             938
3.754             930
3.637             926
3.588             938
3.597             930
4.197             926
4.129             938
4.163             930
3.836             926
3.879             938
3.875             930
3.734             926
3.64              938
3.725             930
3.719             926
3.693             938
3.736             930
3.687             926
3.756             938
3.764             930
3.901             926
3.927             938
3.853             930
3.704             926
3.644             938
3.653             930
3.675             926
3.615             938
3.722             930
3.818             926
3.786             938
3.81              930
4.922             926
4.787             938
4.446             930
3.78              926
3.87              938
3.807             930
3.804             926
3.761             938
3.719             930
3.879             926
3.828             938
3.829             930
3.719             926
3.671             938
3.69              930
3.669             926
3.638             938
3.63              930
3.777             926
3.764             938
3.871             930
4.13              926
4.515             938
3.914             930
3.671             926
3.657             938
3.78              930
3.728             926
3.679             938
3.649             930
3.773             926
3.9               938
3.813             930
3.721             926
3.586             938
3.57              930
3.918             926
3.781             938
3.738             930
3.851             926
3.805             938
3.985             930
3.772             926
3.804             938
3.776             930
3.678             926
3.721             938
3.718             930
3.725             926
3.821             938
3.731             930
3.746             926
3.701             938
3.664             930
3.726             926
3.762             938
3.683             930
3.771             926
3.757             938
3.717             930
3.816             926
3.939             938
3.866             930
3.721             926
3.729             938
3.704             930
3.705             926
3.661             938
3.675             930
3.931             926
3.742             938
3.745             930
3.885             926
3.75              938
3.936             930
3.87              926
3.747             938
3.753             930
3.773             926
3.81              938
3.798             930
3.825             926
3.812             938
3.923             930
3.684             926
3.639             938
3.644             930
3.738             926
3.705             938
3.701             930
3.981             926
3.875             938
3.806             930
3.847             926
3.816             938
3.877             930
3.699             926
3.673             938
3.689             930
3.553             926
3.545             938
3.597             930
3.917             926
4.003             938
3.972             930
3.962             926
3.984             938
4.111             930
3.851             926
3.896             938
3.811             930
3.846             926
3.739             938
3.797             930
3.845             926
3.784             938
3.792             930
3.844             926
3.838             938
3.821             930
3.847             926
3.804             938
3.806             930
3.856             926
3.799             938
3.745             930
3.826             926
3.757             938
3.734             930
3.758             926
3.731             938
3.756             930
3.687             926
3.628             938
3.772             930
3.673             926
3.632             938
3.634             930
3.825             926
3.799             938
3.869             930
3.705             926
3.744             938
3.68              930
3.693             926
3.664             938
3.728             930
3.853             926
3.792             938
3.742             930
3.923             926
3.784             938
3.856             930
3.684             926
3.685             938
3.812             930
3.919             926
3.835             938
4.002             930
3.813             926
3.668             938
3.731             930
3.861             926
3.848             938
3.824             930
3.775             926
3.702             938
3.665             930
3.923             926
3.824             938
3.796             930
3.825             926
3.792             938
3.807             930
3.82              926
3.851             938
3.815             930
3.816             926
3.841             938
3.84              930
Average:
3.802             931.333
Std Error:
0.01              0.289
