Time (ms) | Output Size (bytes):
-------------------------------
8.228             6136
7.966             6136
7.745             6136
7.723             6136
7.881             6136
7.727             6136
7.712             6136
7.715             6136
7.676             6136
7.806             6136
7.771             6136
7.89              6136
7.654             6136
7.794             6136
7.841             6136
7.817             6136
7.81              6136
7.838             6136
7.787             6136
7.854             6136
8.963             6136
7.604             6136
7.779             6136
7.756             6136
7.851             6136
7.841             6136
7.802             6136
7.791             6136
7.79              6136
7.772             6136
7.705             6136
8.767             6136
7.818             6136
7.849             6136
8.162             6136
7.931             6136
7.742             6136
7.795             6136
7.715             6136
7.651             6136
7.691             6136
7.731             6136
9.488             6136
7.786             6136
7.792             6136
7.615             6136
7.684             6136
7.691             6136
7.862             6136
7.776             6136
7.73              6136
7.76              6136
7.795             6136
8.907             6136
7.602             6136
7.861             6136
7.699             6136
7.78              6136
7.725             6136
7.702             6136
7.708             6136
7.687             6136
7.741             6136
7.753             6136
9.649             6136
7.748             6136
7.74              6136
7.777             6136
7.691             6136
7.691             6136
7.778             6136
7.773             6136
7.644             6136
7.748             6136
7.833             6136
8.668             6136
7.764             6136
7.574             6136
7.751             6136
7.696             6136
7.764             6136
7.817             6136
7.807             6136
7.822             6136
7.594             6136
7.853             6136
8.995             6136
7.814             6136
7.788             6136
7.711             6136
7.705             6136
7.811             6136
7.78              6136
7.735             6136
7.792             6136
7.784             6136
7.694             6136
8.538             6136
7.753             6136
7.621             6136
Average:
7.866             6136
Std Error:
0.036             0.0
