Time (ms) | Output Size (bytes):
-------------------------------
27.836            4
26.843            4
27.363            4
27.86             4
27.058            4
27.657            4
27.804            4
26.717            4
27.385            4
30.587            4
27.053            4
27.34             4
27.75             4
26.798            4
27.413            4
27.63             4
26.696            4
27.35             4
27.932            4
26.866            4
27.384            4
27.867            4
26.937            4
27.539            4
27.9              4
26.91             4
27.207            4
27.655            4
26.858            4
27.315            4
27.85             4
26.978            4
27.488            4
27.884            4
26.919            4
27.519            4
28.023            4
26.914            4
27.301            4
27.742            4
26.785            4
27.175            4
30.275            4
27.099            4
27.26             4
27.738            4
26.927            4
27.407            4
27.612            4
26.887            4
27.511            4
28.102            4
26.894            4
27.277            4
28.118            4
27.009            4
27.533            4
27.89             4
26.99             4
27.399            4
27.944            4
27.067            4
27.378            4
27.974            4
26.893            4
27.43             4
27.736            4
26.836            4
27.405            4
27.845            4
26.789            4
27.443            4
27.699            4
27.001            4
27.512            4
29.874            4
26.776            4
27.248            4
28.071            4
26.87             4
27.572            4
27.997            4
26.884            4
27.287            4
27.77             4
26.944            4
27.358            4
27.743            4
26.798            4
27.429            4
27.923            4
26.647            4
27.142            4
27.818            4
27.017            4
27.194            4
27.864            4
27.015            4
27.495            4
27.714            4
29.623            4
31.324            4
28.075            4
27.16             4
27.522            4
28.06             4
26.985            4
27.321            4
27.983            4
27.188            4
27.7              4
27.833            4
26.928            4
27.368            4
27.686            4
26.793            4
27.404            4
27.883            4
26.937            4
27.282            4
27.915            4
26.746            4
27.316            4
27.731            4
26.781            4
29.162            4
27.758            4
26.736            4
27.235            4
28.486            4
26.986            4
27.759            4
27.914            4
26.925            4
27.501            4
27.794            4
26.948            4
27.446            4
27.748            4
26.825            4
27.37             4
27.943            4
26.868            4
27.33             4
27.949            4
26.923            4
27.451            4
27.994            4
26.751            4
27.261            4
27.894            4
26.826            4
27.231            4
27.756            4
26.855            4
27.238            4
27.912            4
26.778            4
29.66             4
27.921            4
27.026            4
27.554            4
27.86             4
26.941            4
27.324            4
27.722            4
26.758            4
27.139            4
27.851            4
26.794            4
27.428            4
27.577            4
26.809            4
27.256            4
28.014            4
26.902            4
27.179            4
27.686            4
26.759            4
27.38             4
27.602            4
26.875            4
27.339            4
27.865            4
26.9              4
27.272            4
27.679            4
26.875            4
27.372            4
27.834            4
27.053            4
28.632            4
27.949            4
27.014            4
27.474            4
27.857            4
26.911            4
27.333            4
27.821            4
26.659            4
27.418            4
28.04             4
26.862            4
27.358            4
27.634            4
26.784            4
27.495            4
27.86             4
26.868            4
27.593            4
27.731            4
27.072            4
27.414            4
27.964            4
26.748            4
27.495            4
27.997            4
27.137            4
27.481            4
27.962            4
26.953            4
27.451            4
27.72             4
26.623            4
30.119            4
27.852            4
27.062            4
27.286            4
27.855            4
27.11             4
27.34             4
27.837            4
26.774            4
27.113            4
27.682            4
26.773            4
27.257            4
27.905            4
26.974            4
27.402            4
27.769            4
26.772            4
27.318            4
27.708            4
26.87             4
27.165            4
28.19             4
27.072            4
27.746            4
28.054            4
26.836            4
27.513            4
27.822            4
26.851            4
27.201            4
28.063            4
27.17             4
29.235            4
27.977            4
27.064            4
27.386            4
27.848            4
27.003            4
27.437            4
27.871            4
26.845            4
27.423            4
28.072            4
27.053            4
27.513            4
27.842            4
26.879            4
27.313            4
28.124            4
27.132            4
27.429            4
27.882            4
26.897            4
27.316            4
27.865            4
26.719            4
27.233            4
27.862            4
26.848            4
27.43             4
27.882            4
26.888            4
27.147            4
27.746            4
27.068            4
30.737            4
27.874            4
26.855            4
27.321            4
27.923            4
26.925            4
27.54             4
27.801            4
27.059            4
27.415            4
Average:
27.474            4
Std Error:
0.037             0.0
