Time (ms) | Output Size (bytes):
-------------------------------
6.107             3068
5.99              3068
5.89              3068
5.882             3068
5.919             3068
5.917             3068
5.994             3068
5.926             3068
6.029             3068
5.915             3068
5.935             3068
5.915             3068
6.288             3068
5.799             3068
5.884             3068
5.919             3068
5.914             3068
5.931             3068
5.928             3068
5.911             3068
5.95              3068
5.921             3068
5.802             3068
5.884             3068
5.919             3068
5.97              3068
5.857             3068
5.917             3068
5.919             3068
5.895             3068
5.947             3068
6.04              3068
5.974             3068
5.886             3068
5.848             3068
5.933             3068
5.92              3068
5.814             3068
5.951             3068
5.998             3068
6.972             3068
5.88              3068
5.927             3068
5.907             3068
5.928             3068
5.905             3068
5.952             3068
6.427             3068
5.939             3068
5.946             3068
5.881             3068
6.017             3068
5.942             3068
5.849             3068
5.858             3068
5.945             3068
5.905             3068
5.907             3068
5.827             3068
5.862             3068
5.878             3068
5.794             3068
5.961             3068
5.982             3068
6.029             3068
5.912             3068
5.929             3068
5.864             3068
5.818             3068
5.931             3068
5.943             3068
5.84              3068
5.858             3068
5.924             3068
5.905             3068
5.882             3068
5.945             3068
5.93              3068
5.889             3068
5.979             3068
5.85              3068
5.95              3068
5.912             3068
5.9               3068
5.995             3068
5.881             3068
5.969             3068
7.334             3068
5.926             3068
5.853             3068
5.923             3068
5.871             3068
5.88              3068
5.962             3068
5.945             3068
6.034             3068
5.866             3068
5.867             3068
5.98              3068
5.842             3068
Average:
5.95              3068
Std Error:
0.019             0.0
